5 7
11 3
7 4
41 2
41 2
199 2
7 5
7 4
11 3
5 6
43 2
43 2
17 3
43 2
11 3
5 6
11 3
47 3
37 2
7 5
5 6
11 3
11 3
7 4
41 2
41 2
199 2
7 5
7 4
11 3
5 6
43 2
43 2
17 3
43 2
11 3
5 6
11 3
11 3
31 3
5 6
11 3
7 4
5 6
7 5
7 4
11 3
5 6
11 3
5 6
11 3
47 2
11 3
7 4
13 3
5 6
7 5
23 3
47 2
5 6
7 4
7 5
7 4
43 3
7 5
5 6
47 2
5 6
17 3
17 3
7 5
5 6
11 3
13 4
5 6
5 7
47 2
13 3
7 5
11 3
47 2
53 2
5 6
13 4
13 3
61 2
5 6
5 7
47 2
13 3
5 7
11 3
31 3
53 2
53 2
5 6
11 3
47 2
5 6
61 3
5 6
13 4
13 3
67 2
17 3
7 5
11 3
5 6
5 7
5 7
5 6
59 2
11 3
5 6
5 6
17 3
5 6
23 3
13 4
11 4
11 3
7 4
13 3
73 3
11 3
5 6
53 2
13 3
7 4
41 3
59 2
13 3
7 5
11 3
13 3
59 2
5 6
13 4
5 6
79 2
5 6
7 4
7 4
5 6
5 6
7 4
5 6
13 5
53 2
61 2
19 3
5 6
31 3
47 3
13 3
19 4
5 6
13 4
13 3
59 2
5 6
5 7
5 6
17 3
23 3
29 3
7 4
7 5
7 4
31 3
5 6
71 2
5 6
5 6
5 7
5 6
7 4
5 6
5 6
19 3
13 3
11 3
5 6
103 3
5 6
61 2
59 2
7 4
43 3
7 5
5 7
17 3
11 3
97 2
5 6
109 3
7 4
5 6
13 4
17 3
7 4
5 6
71 2
13 3
11 4
5 6
61 2
11 5
7 4
5 7
5 8
13 3
53 2
7 5
11 3
7 5
5 6
5 6
11 4
71 2
59 2
7 4
5 6
7 4
13 3
5 6
17 3
7 6
5 6
109 2
5 6
83 2
7 4
73 2
13 4
11 4
5 6
5 6
5 6
11 4
17 3
5 6
5 6
5 8
61 2
5 6
5 6
13 3
5 6
71 3
13 3
7 5
5 6
19 3
61 2
139 3
5 6
7 5
59 2
7 4
5 6
11 3
7 4
67 2
7 4
13 4
17 3
5 7
17 3
5 7
11 4
7 4
5 6
5 7
83 2
79 2
13 4
5 6
5 6
151 3
5 6
19 4
13 3
127 2
5 7
5 6
5 6
7 5
7 4
31 3
19 4
13 3
5 6
13 4
19 3
7 4
53 2
83 3
7 5
31 4
5 6
5 7
61 2
83 2
5 6
5 7
71 2
5 6
5 6
47 3
11 3
17 3
5 6
5 6
7 5
71 2
17 3
13 4
5 7
139 2
5 7
101 2
7 4
5 6
13 4
7 5
73 2
17 4
13 4
7 5
17 4
53 2
61 3
7 5
19 4
13 3
17 3
19 4
67 2
71 2
5 6
31 3
5 6
17 3
43 3
89 2
13 3
5 7
13 4
5 6
5 6
107 2
53 2
7 6
13 3
151 2
61 2
5 6
5 7
13 3
5 6
5 6
17 3
193 3
71 2
17 3
11 3
13 4
13 3
101 3
17 3
11 4
5 6
5 7
5 6
199 3
17 3
73 2
11 5
7 4
59 2
113 2
101 2
7 5
5 6
43 3
79 2
5 6
73 2
5 7
5 6
53 2
17 3
5 6
53 2
31 3
13 3
19 3
5 7
7 5
17 3
31 3
7 5
5 6
23 3
59 3
31 3
13 3
5 6
5 7
7 5
5 6
13 3
17 3
13 4
7 4
53 2
113 3
107 2
79 2
5 6
17 3
73 2
83 2
61 2
5 7
83 2
17 3
73 3
101 2
5 6
5 7
31 3
5 8
67 2
229 3
11 3
11 4
37 3
17 3
5 7
5 7
11 4
103 2
13 4
5 7
13 4
17 5
17 3
23 3
13 3
7 4
41 3
5 6
113 2
5 7
13 4
5 6
67 2
241 3
79 2
7 6
13 4
11 4
11 3
5 7
53 2
7 5
7 5
5 6
5 6
7 4
13 3
11 4
11 4
61 2
67 2
5 7
31 3
17 4
7 4
5 7
5 6
19 5
31 3
109 2
89 2
7 5
5 6
89 2
5 6
7 4
13 3
5 7
7 5
5 8
53 2
13 4
7 6
7 5
61 2
137 2
17 3
37 3
13 4
5 7
13 3
31 5
83 2
7 4
5 7
13 4
5 7
113 2
5 7
5 8
11 3
7 6
5 6
271 3
11 3
7 5
71 2
7 4
13 5
5 6
5 7
11 4
53 2
13 3
19 3
5 6
13 4
19 4
7 4
211 2
59 2
5 7
7 4
5 7
5 6
5 6
17 3
83 2
13 4
7 4
5 6
5 6
5 6
89 2
7 6
17 3
13 3
7 6
7 5
7 4
53 2
5 6
13 4
23 4
5 7
149 2
7 4
13 5
19 3
13 4
31 3
83 2
67 2
13 4
13 5
13 3
5 7
11 4
5 7
5 6
5 6
5 6
31 4
7 6
89 2
23 3
17 3
11 3
5 6
7 6
7 4
5 8
13 3
229 2
13 4
7 5
53 2
5 6
71 2
7 5
73 2
5 6
137 2
17 3
5 6
59 2
7 5
313 3
13 3
13 4
101 2
17 4
13 3
7 6
13 4
7 4
5 7
43 4
73 2
11 5
11 3
7 5
7 5
13 3
5 7
5 7
7 5
5 7
7 4
5 7
103 2
5 6
5 7
5 6
5 7
5 6
59 2
167 3
5 6
5 7
13 3
67 2
7 5
131 2
59 2
5 6
19 3
7 5
5 6
89 2
5 6
11 4
5 6
11 5
7 5
167 2
5 6
5 7
5 6
5 6
11 3
7 5
17 3
61 4
5 7
11 4
73 2
5 7
53 2
5 6
7 4
23 3
103 3
5 7
149 2
7 5
5 6
5 6
5 6
349 3
31 3
7 6
31 3
7 5
7 5
5 6
13 3
7 5
5 7
7 5
109 2
107 2
5 6
5 7
7 5
11 3
5 6
5 7
23 3
139 2
13 3
31 4
79 2
7 7
7 4
5 8
31 3
5 7
11 4
101 2
7 5
5 6
13 5
59 2
17 3
179 2
73 2
19 4
7 6
271 2
13 3
5 7
59 2
5 6
31 3
13 3
23 3
5 6
101 2
11 4
113 2
5 6
5 6
89 2
7 4
7 4
11 5
277 2
7 5
5 7
11 3
19 4
13 3
37 3
5 6
5 7
5 7
5 7
61 2
53 2
11 4
5 6
103 2
19 3
5 7
13 4
7 5
113 2
5 6
5 7
7 4
5 6
97 2
11 5
13 3
5 6
11 4
7 5
67 2
149 2
5 6
23 4
13 3
19 4
79 2
191 2
5 6
23 3
23 3
7 4
5 6
7 6
167 2
151 2
7 5
13 3
19 3
107 2
11 3
5 8
7 4
7 5
7 5
107 3
11 4
23 3
11 4
43 3
23 4
5 6
7 4
19 3
5 6
73 2
13 4
197 2
7 5
73 4
13 4
7 5
13 4
7 5
31 3
109 2
11 4
13 3
5 7
7 5
5 6
17 3
5 6
5 6
5 7
5 6
109 2
5 6
7 4
307 2
73 3
11 5
11 3
5 7
13 3
5 8
13 4
7 5
13 3
97 2
5 7
61 2
13 4
113 3
5 8
29 3
5 6
59 2
103 2
433 3
7 5
19 3
5 6
5 6
7 4
5 6
179 2
29 3
5 7
13 3
11 4
5 7
13 3
19 4
7 6
11 4
17 3
5 6
13 3
7 4
13 3
5 7
7 4
5 6
113 2
7 6
5 6
5 6
41 3
227 3
7 4
5 7
7 5
11 4
23 3
17 5
11 3
5 8
11 4
7 4
5 6
5 6
5 7
11 4
5 6
11 4
79 2
13 4
11 4
7 5
11 4
331 2
59 2
233 3
13 4
11 4
5 7
13 4
5 6
463 3
7 4
5 7
131 2
31 3
5 8
101 2
5 6
23 4
13 3
5 7
17 3
5 6
5 6
5 6
89 2
17 3
5 6
7 5
191 2
5 7
11 4
73 3
5 7
13 4
5 6
7 6
19 4
19 3
71 3
173 2
13 3
61 3
5 7
31 3
17 4
5 6
7 4
43 3
19 3
5 6
5 7
19 4
23 3
7 5
7 5
349 2
19 3
7 5
7 4
19 3
11 4
13 4
5 6
5 8
197 2
17 3
13 4
13 3
5 6
7 7
13 4
13 4
5 6
23 4
5 6
7 5
13 3
7 5
7 6
5 6
7 5
179 2
5 6
97 2
7 5
41 3
5 6
233 2
5 6
47 4
13 3
5 7
139 2
5 9
11 3
181 2
5 7
61 2
19 3
7 6
7 5
5 6
31 3
5 6
13 4
13 5
13 4
43 4
83 2
5 6
71 2
101 2
59 2
7 5
23 3
47 3
11 4
239 2
5 6
17 4
73 3
7 4
13 3
5 6
29 3
11 4
7 5
5 6
5 6
107 2
13 3
5 7
5 6
5 6
73 2
137 3
5 6
23 3
5 6
5 6
7 5
7 5
7 4
5 6
19 3
13 3
5 6
11 4
5 6
127 2
43 3
59 2
19 4
13 4
7 5
13 4
5 6
5 7
83 2
113 2
5 8
29 4
61 2
23 3
5 7
191 2
5 7
5 6
5 6
5 7
47 3
7 6
13 4
7 6
23 4
7 4
13 4
251 2
59 2
193 2
83 2
11 4
97 2
5 7
13 4
5 8
67 2
5 6
5 6
5 6
131 2
19 4
149 2
5 6
5 6
101 2
23 4
17 3
13 4
397 2
5 7
131 2
5 6
5 6
7 5
23 3
7 6
5 6
7 5
5 7
7 4
13 3
151 2
61 5
5 7
13 4
79 3
5 7
5 7
11 5
19 3
199 2
7 4
17 3
13 4
571 3
5 7
5 6
5 7
13 4
83 3
7 5
43 3
17 3
5 6
5 6
13 4
263 2
23 3
5 6
19 4
5 7
13 4
113 2
7 5
19 4
17 3
13 3
19 3
7 4
5 6
19 4
7 5
13 3
7 5
149 2
13 3
5 7
5 6
73 4
5 8
5 6
5 6
7 6
29 3
5 6
5 6
269 2
7 5
103 2
7 5
421 2
5 6
29 4
5 6
5 6
5 9
61 2
73 2
137 2
233 2
11 4
13 3
7 5
127 2
601 3
139 2
23 3
101 2
7 6
5 7
7 5
61 2
13 4
7 6
5 6
5 6
5 6
31 3
23 3
7 5
47 3
103 2
31 3
43 4
7 5
43 3
13 4
5 6
5 8
59 2
5 6
5 6
37 3
5 7
311 3
239 2
37 3
13 3
67 2
7 5
7 5
13 3
5 7
7 5
439 2
89 2
281 2
5 6
5 7
5 6
43 3
7 4
11 4
5 6
5 7
19 4
5 6
5 6
317 3
23 3
11 4
5 6
11 4
97 2
13 4
7 4
59 2
7 5
7 6
17 4
7 6
11 4
5 7
61 2
5 7
5 7
7 4
19 4
5 8
5 7
19 3
5 6
5 6
5 7
13 4
19 3
5 6
5 7
107 2
61 2
5 7
13 4
5 6
7 5
7 5
5 6
5 7
19 3
457 2
5 6
5 8
13 4
19 4
7 6
5 7
13 4
5 7
251 2
223 2
19 5
5 6
5 7
107 2
97 2
13 4
7 4
5 6
79 2
5 7
5 6
7 5
13 3
5 7
61 4
661 3
149 2
5 6
11 4
5 6
71 2
7 6
17 3
7 5
13 3
5 8
29 3
5 6
5 6
47 3
107 2
5 7
5 7
173 3
5 6
5 8
5 6
13 3
5 7
5 8
151 2
5 6
173 2
13 3
11 4
149 2
5 7
19 4
19 4
59 3
7 6
19 5
7 4
5 7
13 5
31 3
5 7
5 6
5 6
7 6
5 6
7 5
7 5
7 5
43 3
109 2
89 2
5 6
7 5
233 2
263 2
151 2
11 4
5 7
109 2
131 2
13 4
5 8
5 7
487 2
53 3
5 6
13 3
17 4
67 2
13 3
29 3
311 2
7 5
19 3
7 5
5 6
5 6
353 3
5 7
11 4
7 4
13 3
19 3
13 5
5 6
109 2
179 2
13 4
7 4
7 5
269 2
61 2
17 3
7 4
103 2
239 2
5 6
7 6
5 7
499 2
109 3
317 2
61 2
127 2
7 6
5 7
181 2
7 5
13 3
241 2
5 6
5 6
101 3
173 2
23 3
5 8
31 3
5 8
5 7
5 6
61 2
5 7
19 4
5 6
7 4
7 5
5 6
5 6
5 6
19 3
19 4
7 5
103 2
157 2
5 7
5 6
11 4
5 6
13 4
5 6
5 6
67 2
5 6
5 8
5 6
5 7
5 6
97 2
5 6
7 6
37 3
17 3
5 8
31 4
5 6
13 4
13 3
5 8
17 3
17 3
5 6
5 7
281 2
37 3
7 5
71 2
23 3
5 8
7 4
7 5
7 6
5 6
13 3
113 2
5 6
5 7
19 3
5 6
97 2
7 4
5 6
43 3
7 5
5 6
7 6
7 5
59 2
5 7
5 6
7 6
11 4
19 3
11 4
19 4
103 3
5 6
83 2
383 3
7 4
5 7
17 3
7 4
7 5
5 9
5 6
5 9
191 2
5 7
107 3
197 3
5 6
23 3
5 7
13 5
151 2
5 8
13 4
5 7
5 8
7 5
5 6
13 3
5 7
7 5
7 4
541 2
193 2
41 4
13 4
7 5
29 4
5 6
7 5
113 2
5 7
13 3
67 2
67 2
31 3
5 8
5 7
5 7
23 3
547 2
7 5
7 5
5 6
11 4
5 9
61 3
109 2
347 2
13 3
19 3
7 6
5 6
5 7
5 6
5 6
71 4
7 5
13 4
19 3
7 4
17 3
7 5
5 6
13 3
5 6
401 3
5 6
13 4
11 5
109 3
97 2
7 6
5 7
31 4
5 6
13 4
79 2
353 2
13 3
97 3
59 2
31 3
199 2
11 5
173 2
5 6
109 3
31 3
5 7
137 2
19 4
139 4
5 7
11 4
157 2
811 3
7 4
5 6
11 4
5 6
113 3
269 2
5 6
11 4
5 6
103 2
5 7
13 3
7 5
7 5
101 2
5 6
13 4
5 8
5 6
271 2
13 4
5 6
13 4
823 3
11 4
5 7
7 4
5 6
83 2
11 5
5 8
23 3
5 6
13 3
5 7
829 3
13 3
7 5
61 3
5 7
5 6
13 3
311 2
17 5
7 5
7 5
7 6
7 5
5 6
7 6
17 3
7 5
19 3
7 5
13 3
7 5
7 5
5 6
29 3
5 6
179 2
5 7
17 4
5 6
13 4
149 2
61 2
17 3
5 6
11 4
19 3
7 5
5 6
13 5
37 4
7 5
127 2
197 2
317 2
5 7
5 7
83 2
7 5
5 8
181 2
13 4
7 5
29 3
71 2
281 2
5 6
5 6
7 6
5 7
13 4
131 2
31 3
19 3
5 6
5 7
7 5
7 5
5 7
283 2
17 3
601 2
7 5
5 6
5 6
7 5
5 6
5 6
5 6
7 6
7 5
5 7
5 6
13 4
97 2
179 2
11 4
43 3
13 4
607 2
107 2
19 4
67 2
5 7
5 6
5 7
5 7
61 2
5 6
23 3
7 5
7 5
89 2
443 3
17 3
151 4
11 4
71 2
5 6
7 5
13 3
5 7
11 4
5 7
5 7
7 5
5 7
5 7
79 2
7 5
127 2
5 6
23 3
11 4
19 3
5 6
7 5
389 2
5 6
7 5
7 4
13 4
59 2
7 5
19 3
5 7
5 8
5 7
241 3
293 2
43 3
41 3
61 2
5 6
11 4
5 6
59 2
5 9
19 4
17 3
71 2
5 6
19 3
23 3
5 7
5 7
7 5
5 7
83 2
7 6
7 5
631 2
5 7
7 5
7 4
109 3
5 6
67 2
103 2
5 9
191 2
7 5
7 5
5 6
31 3
7 5
23 3
29 3
67 3
5 6
97 2
7 5
13 4
7 5
107 2
5 7
5 6
5 6
13 3
11 4
5 6
11 4
223 2
11 5
193 2
11 4
67 3
5 6
71 3
137 2
5 6
13 4
7 4
5 7
11 5
5 8
67 2
61 3
131 2
5 6
5 7
5 6
5 7
83 4
5 6
5 6
17 3
11 4
5 6
5 8
5 7
41 3
71 2
5 7
347 2
151 2
19 3
7 5
13 4
7 6
5 7
13 4
5 6
23 4
19 5
7 5
13 4
5 6
23 3
79 3
7 5
7 4
5 6
17 4
5 6
5 6
139 3
5 7
13 4
7 6
7 5
5 8
5 6
5 8
5 7
13 4
13 7
31 3
113 2
19 4
353 2
11 4
19 4
71 2
5 7
311 2
199 2
43 3
101 2
5 6
19 3
11 4
31 3
127 2
19 4
11 6
7 5
419 2
5 7
313 2
5 7
17 3
7 5
7 5
5 6
23 4
67 2
5 6
5 6
13 6
5 6
7 5
233 2
5 6
5 6
491 3
13 3
53 3
7 6
11 4
181 2
7 5
13 4
19 3
17 3
19 4
89 2
13 3
5 6
5 7
17 4
7 6
17 4
103 5
7 4
17 4
7 6
89 2
5 6
197 2
23 3
11 4
7 5
73 4
7 5
131 2
13 3
5 6
7 5
13 3
31 5
43 3
13 3
5 7
5 7
79 2
31 3
13 3
7 6
157 2
137 2
691 2
7 4
5 6
7 5
199 2
7 5
19 4
29 3
7 5
7 5
5 6
239 2
19 3
13 4
257 3
5 7
7 5
73 2
31 4
103 2
5 8
61 2
23 3
7 6
13 5
5 6
7 5
7 5
5 7
19 3
71 2
241 2
227 2
127 2
5 7
7 5
5 7
271 3
5 7
83 2
13 5
31 3
13 3
7 5
1021 3
7 5
5 6
113 2
5 6
5 7
13 3
5 6
47 3
23 4
5 6
109 2
5 6
31 3
7 5
5 7
13 5
19 4
5 6
7 5
23 3
13 3
13 4
13 4
1033 3
7 5
11 4
5 6
29 3
5 6
7 5
5 6
17 3
7 6
73 3
5 6
13 4
5 6
7 6
11 4
71 3
5 6
449 2
43 3
17 3
13 4
5 7
17 3
7 5
67 2
41 3
7 6
5 6
151 3
5 7
61 2
5 6
17 3
5 6
13 4
1051 3
89 2
5 7
5 7
19 3
97 2
269 3
71 2
163 2
13 4
5 6
11 4
5 6
11 4
5 7
23 4
5 7
13 3
7 5
5 7
181 4
5 6
13 4
193 2
1063 3
23 3
5 8
7 4
13 3
283 3
5 6
389 2
5 7
19 4
139 3
7 6
5 7
59 2
43 4
29 3
739 2
5 6
461 2
5 7
5 6
7 5
5 7
19 4
7 6
61 2
7 6
7 5
19 4
13 4
137 2
5 9
211 2
17 3
13 4
5 8
239 2
19 3
67 2
7 5
89 3
5 7
5 8
5 7
43 3
19 4
5 7
19 4
13 3
5 7
5 8
17 4
5 6
151 2
31 3
67 2
7 5
5 6
67 2
103 2
167 2
7 5
349 2
13 3
5 6
7 6
11 5
29 3
5 7
7 4
757 2
5 7
179 2
13 4
71 3
107 2
41 3
7 6
11 4
5 6
5 6
13 4
17 4
13 3
11 4
223 2
7 6
5 7
5 6
5 6
353 2
5 6
17 4
23 3
11 4
13 4
131 2
7 4
43 3
5 7
13 3
7 6
19 3
61 3
23 4
5 6
5 6
7 5
479 2
5 7
5 7
5 7
13 5
5 7
137 2
11 4
5 7
7 5
7 4
31 3
13 4
71 2
7 6
7 4
5 7
5 6
11 5
7 5
5 7
31 4
47 3
5 7
359 2
5 6
31 4
149 2
73 2
13 4
5 8
5 6
7 5
23 4
43 4
31 4
7 5
5 6
43 3
5 8
5 6
5 6
7 5
5 7
17 4
59 2
127 2
11 4
11 5
5 6
13 6
11 4
7 5
7 5
7 5
31 3
5 7
17 4
11 5
5 7
5 6
19 4
5 7
5 7
5 7
157 2
5 6
43 3
139 2
5 6
17 4
151 2
1153 3
31 3
13 4
269 2
61 3
5 7
13 5
419 2
5 6
29 3
13 3
13 4
131 2
7 5
5 7
29 3
7 5
7 6
5 7
5 6
11 4
67 2
5 6
271 2
5 6
233 2
5 8
5 6
5 6
89 2
7 6
53 3
23 3
7 4
5 6
5 6
13 3
13 4
5 7
31 3
7 6
5 6
7 6
13 3
11 4
13 3
151 3
139 2
503 2
17 4
373 2
19 3
811 2
5 6
257 2
89 2
13 4
7 6
79 2
7 5
227 2
7 5
5 6
7 5
13 4
103 2
5 7
5 6
29 3
61 3
5 6
211 2
5 8
13 3
5 7
157 3
5 6
5 8
5 6
13 3
7 6
5 7
23 3
5 7
5 9
7 4
229 2
7 5
5 6
89 2
7 5
19 4
379 2
5 6
5 6
41 3
191 2
239 2
5 7
5 6
5 6
5 6
7 5
7 5
7 7
13 5
7 5
29 3
5 7
61 2
5 7
107 2
5 6
7 5
13 5
7 5
5 7
5 6
17 3
5 7
5 6
241 2
5 7
281 2
47 4
5 6
7 6
5 7
19 4
7 5
13 4
157 2
23 5
31 3
13 3
7 6
5 7
19 3
13 3
5 6
17 3
5 6
13 4
283 2
5 7
5 6
181 2
5 6
73 2
17 4
617 3
5 6
5 6
5 6
7 6
7 6
1231 3
19 4
73 3
13 4
29 3
7 6
389 2
13 4
23 3
7 5
5 8
7 5
11 4
5 6
5 7
113 2
13 4
107 2
13 5
17 3
11 4
17 3
5 7
13 4
5 7
5 6
19 4
61 2
5 6
167 3
269 2
449 2
5 7
7 5
7 4
5 7
5 8
17 3
19 3
5 8
859 2
13 3
11 4
5 6
17 4
5 7
5 7
5 7
5 7
17 3
37 3
29 3
5 7
13 4
19 4
5 7
139 2
79 2
5 8
127 2
239 2
71 2
61 3
7 5
37 3
7 5
7 5
5 6
5 6
5 6
31 4
109 2
7 5
13 3
23 3
5 8
5 7
59 2
137 2
13 4
31 4
7 5
17 3
223 2
167 2
7 4
241 2
293 2
5 6
5 6
401 2
5 7
29 4
19 4
877 2
5 6
7 5
59 2
7 5
17 3
13 3
5 8
13 4
461 2
13 3
7 5
7 5
23 3
5 10
19 4
5 7
5 6
5 7
181 3
137 2
19 4
7 5
7 5
67 2
109 2
1291 3
17 3
67 3
5 7
5 6
5 6
7 5
67 2
113 4
7 4
5 6
7 5
5 6
5 7
13 4
31 4
23 3
31 3
19 3
13 3
37 3
11 4
7 5
7 5
7 5
151 2
409 2
7 5
29 4
5 7
149 2
67 2
41 3
73 2
5 7
7 5
7 6
13 3
23 3
5 7
89 2
5 6
5 6
5 7
7 5
23 3
5 7
11 4
5 8
13 4
83 3
11 4
5 6
109 2
13 4
11 4
7 5
7 4
13 3
5 8
191 2
13 3
31 3
23 4
5 6
5 7
31 4
5 6
17 4
5 9
61 3
13 4
563 2
23 3
37 3
7 4
7 5
17 3
19 5
43 3
139 2
17 3
7 4
151 2
5 6
61 3
5 6
5 7
5 8
5 6
13 4
479 2
17 3
13 5
5 8
5 7
5 6
5 7
193 2
5 8
919 2
7 5
11 4
7 4
157 3
7 6
7 7
5 6
11 4
7 4
421 2
7 6
5 6
5 6
677 3
5 7
229 4
5 6
47 3
5 6
5 7
5 6
5 7
11 4
47 3
5 6
7 5
5 8
13 5
17 3
61 2
17 4
7 5
31 4
13 5
23 3
19 3
113 2
5 6
5 6
13 5
11 4
7 5
5 7
23 5
59 2
7 6
311 2
5 6
5 7
11 4
13 6
5 6
5 6
5 6
127 2
5 9
31 3
19 4
43 4
13 3
5 7
13 4
5 6
23 4
7 6
5 6
313 2
5 8
157 2
13 5
5 6
17 3
5 6
5 6
17 4
31 3
67 2
7 5
5 8
431 2
269 2
5 6
113 2
19 4
83 2
5 8
5 6
17 6
11 4
11 5
5 7
587 2
7 5
43 3
11 4
5 6
181 2
353 3
5 7
5 7
5 7
107 2
13 5
5 6
271 2
7 5
13 3
19 3
13 3
5 8
5 6
17 3
5 6
43 3
241 2
7 5
7 4
5 6
13 6
7 5
13 4
5 6
5 7
5 8
5 6
13 4
11 4
11 4
13 3
7 5
7 6
13 4
101 3
7 5
503 2
439 2
7 5
17 3
157 2
13 3
5 6
103 4
5 6
967 2
97 2
359 3
79 2
19 4
23 3
71 2
17 3
13 3
7 5
5 7
7 6
7 5
7 4
11 5
29 3
59 3
7 6
71 2
13 4
443 2
13 3
7 5
7 5
5 7
5 6
7 5
5 6
73 3
5 7
7 5
7 7
1429 3
5 7
11 4
137 2
5 7
199 3
7 5
5 6
19 4
17 3
13 4
23 3
7 5
5 6
7 7
13 4
59 2
7 5
5 8
5 7
23 4
19 3
103 4
13 3
73 5
7 5
5 7
43 4
7 5
5 8
13 3
5 7
5 7
19 4
181 3
5 7
7 5
7 5
37 4
13 5
991 2
7 5
5 7
17 3
17 4
7 5
7 5
5 6
5 6
281 2
7 6
13 3
7 4
5 6
5 6
19 4
73 2
5 8
13 4
5 7
13 4
31 3
19 4
179 2
5 6
149 2
617 2
13 3
11 5
79 2
151 2
23 3
13 3
283 2
5 8
7 5
13 4
17 3
5 8
73 2
271 2
5 6
13 4
7 5
5 7
5 6
5 6
5 7
5 6
23 4
37 3
73 3
17 3
5 6
1009 2
11 4
19 3
13 4
53 3
19 4
29 3
5 6
7 5
11 4
151 2
17 3
7 4
5 7
1483 3
107 2
19 3
7 5
41 3
197 3
461 2
5 7
5 7
5 7
11 4
163 2
1489 3
61 2
5 6
7 6
23 3
7 4
13 3
5 7
463 2
19 3
1021 2
5 7
7 5
17 3
19 5
7 5
5 6
11 5
7 5
11 4
5 6
13 4
5 6
5 7
5 8
5 7
109 4
7 5
19 3
101 2
5 8
5 7
17 4
7 5
5 6
5 9
5 7
79 2
277 2
61 4
7 6
193 2
317 2
61 3
211 2
31 3
5 6
7 5
167 2
5 6
5 6
5 6
19 4
71 2
149 2
7 5
5 7
23 3
5 6
7 5
13 4
59 2
41 3
5 6
5 7
11 5
641 2
17 3
163 2
5 7
5 6
5 6
71 4
293 2
5 6
7 5
113 2
83 2
11 4
29 4
5 9
7 5
5 6
53 3
7 6
59 2
67 2
5 6
7 6
7 6
281 2
13 4
29 3
19 3
5 6
11 4
647 2
23 3
23 3
43 3
1051 2
5 7
773 3
5 7
7 5
5 6
79 2
5 6
7 5
7 5
5 7
13 3
157 2
7 5
149 2
67 3
5 6
7 5
7 6
11 4
5 6
67 2
5 7
5 6
19 6
59 3
653 2
5 6
13 4
11 4
83 2
349 2
7 5
31 3
7 5
5 6
89 2
107 3
233 2
7 5
181 3
7 4
5 6
127 2
7 7
7 5
79 3
17 4
5 7
13 4
11 5
41 3
5 7
11 4
1069 2
5 7
659 2
13 3
7 6
23 4
7 5
13 3
13 5
5 6
7 5
73 3
7 4
13 4
11 4
11 4
5 7
353 2
5 7
7 5
11 4
5 6
23 3
17 3
7 7
5 7
19 4
7 4
5 7
5 7
101 3
13 4
7 4
31 3
17 3
7 4
17 4
23 4
167 2
5 6
19 4
17 4
73 2
61 2
5 7
563 2
151 2
5 7
23 3
23 4
491 2
17 3
5 7
7 4
1087 2
7 6
149 2
7 4
7 5
5 6
11 4
139 2
7 5
5 7
5 7
109 3
13 3
5 6
173 2
17 3
59 3
13 4
7 7
7 5
13 6
5 7
17 4
359 2
5 6
113 2
7 5
11 4
47 3
5 7
199 3
271 2
13 3
5 6
5 7
19 3
11 5
5 6
67 2
5 6
11 5
19 4
5 8
43 3
41 4
5 6
5 7
7 5
19 3
103 2
197 2
5 7
499 2
59 2
13 4
11 4
1621 3
5 8
7 6
23 3
7 5
7 5
5 8
7 5
13 3
5 7
7 5
5 7
683 2
113 2
7 7
5 7
19 3
5 7
11 4
7 5
5 8
13 4
5 6
5 7
503 2
311 2
7 5
5 6
5 6
13 4
149 2
5 6
7 6
61 3
5 8
7 5
7 5
31 3
5 8
5 8
13 3
29 3
5 6
13 4
5 6
79 2
79 2
5 6
11 5
313 2
13 5
5 6
7 4
89 2
827 3
17 3
7 5
29 3
7 5
277 2
7 5
67 2
5 6
131 2
5 6
101 2
509 2
5 6
53 3
5 6
1129 2
7 5
19 3
5 6
5 8
197 2
11 4
89 2
19 3
587 2
5 7
17 4
5 6
13 4
227 2
181 2
43 3
13 3
7 6
433 3
7 5
107 2
13 5
41 3
103 3
151 2
1669 3
13 3
41 4
5 8
5 7
107 2
701 2
17 3
283 4
37 4
5 7
373 2
13 3
7 4
5 7
31 3
73 2
7 5
173 2
5 6
61 3
7 6
17 3
199 2
5 7
11 4
71 2
31 3
7 6
7 4
5 8
13 4
7 5
5 6
5 6
13 4
5 6
7 5
23 3
7 6
101 2
211 2
5 7
103 4
5 8
73 2
11 4
283 2
5 7
79 2
11 5
5 6
5 7
7 5
521 2
13 3
5 6
5 7
31 3
5 7
1699 3
7 4
7 6
5 6
5 7
97 2
11 4
71 2
5 6
23 3
17 4
379 2
13 5
7 5
43 4
5 6
59 2
7 7
353 2
73 3
17 3
5 6
13 3
19 4
251 2
5 7
5 7
5 7
5 7
7 5
19 4
7 5
5 7
5 6
83 2
5 7
5 6
23 3
157 2
5 7
7 5
7 5
233 2
59 2
13 4
17 3
5 6
181 2
1723 3
19 3
7 6
5 6
19 3
227 3
7 6
5 7
5 8
109 2
13 4
5 7
311 2
5 7
5 6
5 6
7 5
7 5
13 4
7 5
29 3
7 5
7 5
13 3
7 5
7 5
41 3
7 5
7 5
17 5
11 4
7 5
17 4
5 6
5 7
151 4
359 2
13 3
5 7
5 7
59 3
5 7
5 7
73 2
17 3
11 4
5 7
7 6
7 5
31 3
107 3
23 3
5 7
7 6
11 4
617 2
5 8
5 7
7 4
5 8
13 5
23 3
5 7
389 2
5 6
7 4
7 5
13 4
29 3
7 6
61 3
13 4
5 6
5 6
23 3
23 4
13 3
5 6
5 6
5 6
7 5
5 6
1201 2
11 4
11 5
73 3
541 2
229 3
7 5
83 2
317 2
19 3
5 7
61 2
7 5
157 2
179 2
5 6
7 5
7 6
13 5
233 3
11 4
7 4
7 7
5 6
47 3
7 5
13 3
7 5
7 5
5 8
7 4
13 3
5 7
5 7
11 4
19 4
5 6
13 4
7 6
61 2
5 6
5 7
5 6
463 3
7 6
13 3
41 3
73 2
17 3
127 2
1789 3
5 7
7 6
5 6
23 4
5 7
5 7
5 6
29 4
5 8
71 2
61 3
7 5
13 4
43 3
107 4
5 6
173 2
7 6
109 4
7 7
5 6
5 6
11 4
11 4
5 7
5 7
29 3
13 3
11 4
7 5
5 7
5 9
5 6
5 7
7 5
5 7
193 2
13 4
13 4
1231 2
223 2
5 8
5 6
5 7
7 4
17 4
211 2
263 2
5 6
5 7
401 2
5 6
7 5
911 3
5 7
37 3
17 3
7 5
7 5
7 5
59 2
23 3
7 8
5 8
109 2
5 6
641 2
5 7
19 4
7 5
13 3
11 4
5 6
19 4
5 6
13 4
7 5
5 7
113 2
5 6
5 6
5 6
5 6
5 7
7 5
79 2
17 3
13 4
13 4
19 3
67 2
5 7
5 6
11 5
139 2
7 5
13 4
7 5
7 5
19 5
5 6
7 5
647 2
13 5
31 3
31 3
43 3
563 2
5 7
19 3
5 6
5 7
5 7
11 4
79 2
5 6
17 4
5 6
127 2
11 6
13 3
61 4
5 8
89 2
7 5
773 2
5 6
7 5
5 8
5 7
409 2
5 7
67 2
113 3
11 4
5 7
7 6
43 3
653 2
331 2
73 2
5 6
307 2
191 2
349 2
61 3
23 3
5 8
19 5
13 3
89 2
37 3
5 7
13 4
11 5
7 5
7 4
31 5
5 7
181 2
11 4
11 5
79 3
17 3
19 3
13 3
163 2
383 2
41 3
29 3
13 4
7 5
5 6
7 5
659 2
7 6
11 4
107 2
5 7
1879 3
13 3
157 2
17 4
5 6
7 4
17 4
7 4
7 6
7 5
5 6
17 4
13 3
353 2
13 6
7 5
7 6
131 3
173 2
23 3
59 3
7 4
5 6
13 4
251 2
7 4
5 6
19 4
7 5
5 8
7 5
7 4
17 3
11 4
7 5
11 4
5 7
23 4
43 3
5 8
17 3
5 6
13 4
73 2
13 4
23 3
19 3
313 2
29 5
5 7
5 7
5 6
7 5
103 2
67 2
5 7
5 6
5 7
1297 2
11 5
5 9
7 4
19 4
7 6
41 3
5 6
797 2
7 5
7 5
11 4
23 3
421 2
7 5
5 6
47 3
5 6
5 6
5 6
13 6
7 7
7 5
5 6
11 5
41 3
13 5
359 2
5 7
7 5
5 7
5 7
7 5
47 3
17 3
41 3
5 6
7 5
5 6
5 6
5 9
5 6
7 5
17 4
11 6
67 2
5 7
17 4
7 5
11 4
167 2
43 3
7 5
5 6
71 4
5 6
971 3
19 3
5 6
7 5
7 6
157 2
5 7
59 2
5 6
167 2
109 2
101 2
809 2
7 6
167 4
5 6
1321 2
5 6
5 7
7 5
23 3
5 6
17 3
13 4
13 3
683 2
37 3
43 4
7 5
17 4
1951 3
5 7
139 4
5 7
1327 2
5 9
7 5
5 6
5 6
67 2
5 8
199 2
7 4
5 6
47 4
5 7
5 7
5 6
19 4
7 6
29 3
13 4
7 5
5 7
5 6
31 3
5 7
431 2
97 3
7 5
281 2
5 6
5 6
13 4
5 7
5 7
599 2
5 6
19 3
43 4
5 8
13 3
13 4
7 4
5 7
5 8
7 6
43 3
89 4
29 3
5 6
13 4
5 6
139 2
11 4
5 6
89 4
5 7
139 4
127 2
7 7
5 6
103 3
5 7
73 2
7 5
5 8
19 3
11 5
43 4
83 2
23 3
827 2
89 2
193 2
227 2
7 5
241 2
5 6
5 6
7 6
7 5
7 5
5 7
17 5
13 3
17 3
5 6
5 6
13 3
7 5
13 5
5 6
5 6
43 4
23 3
179 2
13 3
5 6
5 7
157 3
5 7
5 6
701 2
13 5
13 3
61 2
439 2
5 6
373 2
5 7
11 4
101 2
5 6
173 2
73 2
7 5
5 6
11 4
229 2
7 5
7 6
11 4
43 3
5 7
11 4
509 3
71 2
23 4
5 6
71 2
13 5
19 3
13 4
613 2
11 5
5 6
7 4
1013 3
5 6
61 5
5 6
5 6
31 3
5 7
211 2
31 4
443 2
13 4
11 4
7 5
11 4
7 5
19 3
5 6
5 6
2029 3
5 6
7 5
13 4
193 2
5 6
13 3
5 6
5 8
11 4
5 8
11 4
7 5
7 4
181 2
5 8
13 4
137 3
5 7
11 4
619 2
17 3
7 5
127 2
359 2
379 2
5 8
5 6
5 6
5 6
5 8
59 2
17 5
5 8
5 7
11 4
7 5
5 6
5 7
19 5
19 4
13 3
197 2
5 7
5 7
47 3
13 5
163 2
5 6
7 5
7 6
13 3
5 6
23 3
13 4
5 6
7 5
11 4
7 5
5 7
41 3
7 5
5 7
29 3
1399 2
5 8
13 4
5 6
163 2
13 4
5 6
17 4
71 4
5 6
13 4
149 2
5 6
59 2
293 2
5 8
71 3
13 3
5 8
337 2
419 2
5 7
5 7
37 3
5 6
131 2
11 4
13 4
7 7
17 3
17 4
23 3
863 2
13 3
43 4
137 2
5 7
149 2
5 7
7 5
5 6
5 7
7 4
5 6
2083 3
5 6
7 6
13 3
67 2
13 4
11 5
5 7
37 3
17 3
5 6
5 6
2089 3
73 2
5 8
19 3
13 5
7 5
13 4
7 5
17 3
19 3
19 5
5 6
5 7
7 6
19 6
5 6
17 3
5 6
7 6
7 4
241 3
5 6
5 6
181 4
239 2
389 2
71 2
7 5
19 3
283 3
5 6
29 3
17 3
7 5
7 5
5 8
13 5
5 6
29 3
79 4
5 7
5 7
7 5
5 6
7 5
11 4
13 3
13 3
167 2
11 4
19 3
461 2
19 3
19 3
641 2
7 5
43 4
29 3
5 8
5 7
5 6
61 2
17 4
239 2
131 3
5 8
5 6
7 5
643 2
7 5
13 4
463 2
5 8
7 4
5 6
5 7
5 6
89 2
13 5
13 3
29 4
7 5
11 4
7 6
179 2
13 3
71 2
5 7
1447 2
197 2
7 5
5 6
13 4
7 5
11 4
139 2
5 7
5 7
277 2
5 8
5 7
101 2
5 8
41 3
59 3
7 5
19 4
241 2
7 5
5 7
5 7
5 7
5 6
7 5
79 3
5 7
5 6
71 2
5 6
43 3
5 9
61 3
5 8
277 3
7 4
5 6
5 7
5 6
19 4
17 3
7 6
5 6
113 5
5 6
5 8
11 5
5 6
281 3
13 4
5 7
37 3
23 3
151 4
7 5
13 5
5 7
5 7
61 4
5 8
5 6
5 8
5 7
23 4
5 6
5 6
5 7
7 5
223 2
11 4
13 4
1471 2
5 6
11 4
17 4
379 2
13 4
5 6
83 3
167 2
401 2
7 6
11 4
5 6
5 6
281 2
37 3
53 3
5 6
11 6
181 2
659 2
59 2
5 8
13 6
5 6
109 2
11 5
5 6
7 7
13 5
5 6
29 3
167 2
13 3
661 2
19 3
5 6
13 5
1097 3
13 4
23 3
43 3
7 5
7 6
179 2
5 6
5 6
131 2
5 7
61 5
17 4
79 2
283 2
7 5
1489 2
23 4
5 6
67 2
73 3
283 3
7 5
7 5
11 4
7 5
5 8
5 7
5 6
5 7
443 2
5 6
5 8
5 6
5 7
11 5
11 4
31 3
5 7
7 5
19 6
7 5
11 4
5 6
23 3
5 6
13 4
13 4
11 5
5 6
7 5
79 3
13 3
7 5
19 5
13 3
11 5
23 3
5 6
7 5
5 7
773 2
7 5
7 4
29 3
139 2
13 3
409 2
7 7
5 6
11 4
89 2
5 8
5 7
7 6
17 6
7 6
7 5
5 7
73 2
673 2
131 2
7 5
5 7
563 3
61 3
7 6
127 2
107 2
23 3
11 4
89 2
181 2
13 5
5 6
17 3
13 3
7 5
109 3
17 4
7 5
7 6
251 2
11 4
11 5
11 5
11 4
151 2
19 4
13 3
5 8
29 3
7 5
23 3
229 5
13 4
5 7
7 5
13 3
7 6
37 4
7 6
5 7
5 7
71 3
157 2
5 8
13 3
5 7
5 6
5 7
7 6
7 5
17 4
5 6
97 2
5 6
17 4
17 3
17 4
5 7
17 6
1531 2
61 2
5 8
7 6
5 8
19 3
79 2
5 7
683 2
7 4
5 7
491 2
5 6
5 7
5 8
5 6
5 6
5 6
43 4
223 2
7 5
7 4
73 4
7 5
23 3
7 6
5 6
5 7
5 8
23 3
211 2
5 7
5 7
5 6
7 7
5 6
19 4
7 5
5 8
19 3
7 5
13 4
7 5
13 3
5 7
5 6
11 5
7 5
5 6
19 4
5 7
5 6
7 5
23 3
1549 2
13 4
947 2
7 4
397 2
5 8
5 6
271 2
293 2
797 2
5 6
61 3
17 3
11 4
5 7
421 2
5 7
67 2
5 7
7 6
7 5
5 6
17 4
5 7
83 2
5 7
179 2
5 6
23 4
43 4
5 6
7 5
5 8
5 7
5 7
5 6
7 6
499 2
5 7
47 3
5 7
5 8
109 2
5 7
257 2
5 6
7 5
23 3
23 3
19 4
2311 3
17 4
5 7
5 7
5 7
107 2
401 2
7 5
31 5
5 6
31 6
199 4
5 7
5 6
103 4
5 6
13 4
5 7
7 5
5 6
11 6
31 3
19 3
5 6
7 5
59 2
5 7
503 2
5 6
7 6
701 2
809 2
7 5
13 4
5 7
11 4
11 4
5 6
13 4
5 8
5 6
5 6
7 5
17 3
13 4
7 5
5 7
5 8
467 2
43 4
5 6
5 6
149 2
5 6
13 5
139 4
5 7
79 2
13 3
5 7
2341 3
5 6
5 7
7 5
5 7
131 2
13 6
7 4
7 6
73 4
17 3
229 2
73 2
5 6
47 3
191 2
13 4
277 2
173 2
7 5
43 3
5 6
7 5
89 3
11 4
431 2
5 7
509 2
7 6
5 6
13 5
5 6
73 2
5 8
1597 2
5 7
5 9
5 6
7 6
7 5
71 3
29 3
977 2
13 4
11 4
5 6
283 3
5 7
7 6
43 3
11 4
157 3
19 5
7 6
5 6
5 6
199 2
13 3
11 5
5 8
5 7
5 7
11 5
7 5
11 4
157 2
11 4
103 3
29 3
5 6
1609 2
19 4
19 3
19 3
5 8
5 7
73 2
107 2
5 8
827 2
79 3
5 7
61 2
193 2
227 2
241 2
5 8
13 3
5 6
7 4
13 5
7 5
13 5
11 4
11 4
163 2
719 2
5 6
59 3
13 4
89 2
11 5
5 6
5 6
7 5
5 8
1621 2
71 2
5 9
13 3
13 4
13 4
17 3
109 2
173 2
5 6
5 8
5 6
7 5
5 7
479 2
439 2
5 9
31 3
7 5
17 4
5 7
101 2
17 4
5 7
61 3
11 4
13 4
5 6
43 3
5 7
5 7
283 2
5 7
11 4
89 3
79 2
83 2
13 4
13 6
71 2
79 3
521 2
19 4
19 3
5 7
19 3
29 3
13 4
5 6
43 3
5 8
7 4
5 7
5 6
5 7
7 5
13 4
5 6
17 3
5 7
139 3
5 6
7 5
443 2
5 7
149 2
23 3
19 4
1217 3
7 5
17 3
5 6
59 3
31 3
13 3
5 6
5 7
7 5
5 7
127 2
13 5
13 3
11 5
5 6
223 2
31 4
7 5
11 4
733 2
137 2
5 7
7 5
7 5
13 4
7 5
23 4
79 2
53 3
7 5
17 3
421 2
5 6
5 6
317 3
269 2
5 8
5 8
5 6
1657 2
11 4
191 2
59 2
5 7
5 6
89 3
5 6
7 5
7 5
223 2
163 3
13 5
7 6
13 5
13 3
13 6
5 9
5 6
11 4
5 7
13 5
5 6
109 2
11 4
71 3
311 2
13 3
5 7
5 9
5 6
101 2
37 4
7 5
17 3
109 5
7 6
7 5
5 6
7 5
5 8
17 3
5 6
13 3
13 3
13 4
5 8
5 7
7 5
271 2
743 2
17 4
5 7
11 4
5 7
19 3
11 4
5 6
11 4
5 8
19 3
11 4
19 5
13 3
5 6
167 2
7 5
5 9
5 6
5 7
7 6
5 6
13 4
17 3
5 8
13 4
7 6
11 5
97 2
13 4
5 7
863 2
13 4
23 3
13 3
397 2
7 6
149 2
5 7
11 5
7 5
5 7
5 6
7 4
5 7
23 3
5 7
59 4
1031 2
13 3
7 5
7 5
89 2
7 4
5 6
37 3
751 2
7 6
7 5
241 2
19 4
73 2
149 3
5 6
13 5
163 2
5 8
13 4
5 7
7 5
127 2
11 4
431 2
5 6
31 3
137 2
5 6
137 2
5 7
17 3
11 4
11 4
13 4
541 2
13 3
5 6
23 5
7 5
11 4
7 5
317 2
71 2
11 6
61 2
47 3
139 2
5 7
29 3
71 2
23 4
11 5
19 5
5 7
13 5
13 4
5 6
7 6
5 7
5 7
5 7
43 4
5 6
13 4
7 5
5 7
13 3
19 5
103 3
11 4
5 7
503 2
461 2
5 6
5 7
97 2
5 6
761 2
43 4
5 6
7 5
5 8
277 2
19 4
61 2
5 8
71 4
5 6
149 2
1049 2
5 6
7 5
5 6
7 4
41 3
5 10
463 2
229 2
43 3
11 4
5 6
7 5
5 6
5 8
5 6
5 7
5 8
179 2
7 5
7 5
7 5
7 6
227 2
7 5
71 2
29 3
17 3
13 4
139 2
7 4
5 6
83 3
7 6
7 7
173 2
1283 3
5 7
17 3
11 4
13 4
5 7
13 6
101 2
769 2
11 4
7 6
5 6
509 2
19 4
19 6
7 5
199 3
113 4
5 7
5 7
61 4
41 4
7 4
83 2
1061 2
5 6
433 4
31 4
13 4
13 4
7 5
61 3
19 4
113 5
13 4
661 3
13 4
5 7
19 4
7 4
7 6
7 5
191 2
5 6
5 6
281 2
1747 2
5 7
281 2
5 6
41 3
5 8
5 6
7 6
5 6
23 3
11 4
5 7
5 6
7 5
7 5
5 7
211 2
29 3
7 4
151 2
2593 3
5 7
23 3
5 6
5 6
13 3
1301 3
7 5
7 5
5 7
17 4
61 4
5 6
5 6
5 8
7 5
1759 2
5 7
5 7
5 6
7 5
79 2
5 8
5 6
7 6
11 4
43 4
11 5
5 7
5 7
233 2
53 3
5 7
17 3
5 7
83 3
179 2
59 2
61 3
5 7
5 6
173 3
659 3
11 5
5 6
11 4
13 4
19 3
13 4
29 3
5 7
173 2
41 3
5 6
5 7
5 6
5 6
23 4
23 3
193 2
7 5
43 3
5 7
563 2
43 4
5 8
449 2
5 6
5 6
7 5
13 4
7 5
359 2
79 2
5 6
73 4
23 5
349 3
13 3
5 6
13 5
19 4
131 2
61 4
53 4
7 5
5 8
5 9
5 6
5 7
31 4
5 6
5 6
5 8
7 5
19 4
5 6
5 6
11 4
7 5
5 6
13 3
19 3
5 7
7 5
23 3
7 5
19 4
1091 2
5 6
5 8
11 4
7 7
307 2
5 9
11 5
331 2
97 2
5 6
17 4
11 4
7 5
5 6
13 3
43 3
7 5
5 8
5 6
5 6
5 8
17 5
11 4
2659 3
7 4
5 7
7 5
7 6
7 5
19 3
7 7
7 5
5 6
13 4
17 3
13 3
5 7
181 2
23 4
7 5
7 5
5 7
5 7
7 5
13 4
5 6
19 4
19 4
5 7
5 8
53 3
5 6
73 5
5 9
107 2
7 5
5 6
79 2
229 4
1103 2
13 5
457 2
7 6
241 2
7 4
5 7
109 3
71 3
7 4
5 6
23 3
5 7
11 4
181 2
13 3
7 5
113 2
5 7
19 4
41 3
19 4
11 5
211 2
7 5
23 3
7 5
7 7
5 7
13 5
1109 2
13 3
5 7
43 4
7 7
5 6
7 6
5 7
5 6
5 7
5 6
7 5
11 4
5 7
5 7
11 4
83 3
7 6
239 2
17 4
5 7
7 5
7 5
113 2
5 6
17 3
29 3
5 6
5 6
7 6
19 4
61 2
337 2
5 7
13 5
313 2
683 3
79 2
811 2
29 3
7 5
7 5
2713 3
491 2
47 3
67 2
19 3
11 4
11 5
5 6
23 3
7 6
23 4
5 7
11 4
7 4
13 5
17 3
5 7
239 2
5 6
5 6
7 6
71 2
5 7
7 5
5 7
5 7
13 5
5 6
7 4
7 7
13 4
19 4
5 7
5 6
5 7
13 5
5 6
13 4
83 2
11 4
5 6
13 4
7 5
11 5
233 4
19 4
11 5
13 3
37 3
5 6
7 5
5 7
89 2
5 7
5 7
947 2
17 4
23 3
7 5
433 2
467 2
271 2
37 4
5 6
5 6
11 4
13 4
17 3
11 4
13 4
5 6
17 6
191 2
67 2
7 6
181 3
5 6
7 6
5 7
17 4
7 5
31 4
1861 2
7 5
53 4
5 6
5 8
5 6
13 4
113 2
7 5
5 8
7 6
7 5
13 3
23 4
13 5
499 2
193 4
7 5
5 6
7 4
5 7
109 2
17 3
5 7
17 4
19 4
5 6
23 3
5 6
7 6
101 2
5 6
7 6
5 7
89 3
5 6
11 4
5 7
13 5
7 5
829 2
13 3
5 6
107 2
7 5
5 7
5 8
5 6
5 7
157 2
5 9
5 7
11 5
7 5
13 4
13 4
13 3
19 3
5 7
7 6
5 6
5 6
47 3
503 2
67 3
5 8
13 3
11 5
5 6
7 5
7 5
5 7
47 3
7 6
7 5
5 6
7 7
5 6
7 5
131 2
19 3
7 5
5 7
23 3
13 4
79 3
7 5
5 8
5 7
5 6
11 4
7 5
7 5
149 2
11 5
13 4
103 2
43 3
347 2
79 2
5 8
599 2
23 3
19 3
13 5
5 7
71 3
17 3
13 3
19 4
839 2
7 4
7 5
5 7
7 7
5 6
13 5
73 2
223 2
5 8
73 2
5 6
5 7
277 2
5 7
7 6
23 3
5 8
257 2
7 5
11 4
5 7
5 7
59 3
479 2
509 2
61 3
43 4
137 2
5 8
7 5
73 2
7 5
5 7
5 8
5 8
1163 2
5 6
5 8
5 6
7 5
23 3
5 6
977 2
5 8
97 2
61 2
163 2
383 2
5 7
7 5
5 6
101 4
7 4
7 5
19 5
5 6
11 5
13 4
5 7
29 5
13 3
61 3
17 3
5 7
139 2
19 5
11 5
7 6
7 5
13 5
5 6
7 7
103 3
5 7
5 7
13 4
149 2
1427 3
19 3
5 7
5 7
5 6
7 6
7 5
107 2
5 6
5 7
17 4
7 5
7 5
61 2
7 5
5 6
5 6
5 8
7 5
13 3
853 2
7 5
5 6
5 6
13 3
13 5
7 7
43 3
5 9
23 3
19 3
5 6
5 7
7 5
83 3
5 8
5 7
5 6
7 5
23 3
7 5
5 6
11 4
71 2
37 4
5 7
13 5
5 6
17 3
17 3
487 2
13 5
7 5
613 2
11 4
5 6
7 5
7 6
173 2
7 6
5 8
5 9
19 3
5 6
199 4
7 6
191 2
101 2
139 3
5 7
5 6
17 3
389 2
13 4
19 3
7 5
7 5
19 4
13 3
283 2
13 5
29 3
1951 2
5 6
7 6
83 2
61 4
7 5
23 4
13 3
863 2
521 2
17 4
13 3
61 3
7 5
569 2
29 3
5 7
7 6
7 5
13 4
491 2
7 4
5 8
17 3
5 6
181 2
1193 2
13 4
11 4
151 2
5 7
619 2
263 2
5 6
5 8
7 5
5 6
7 4
197 2
23 3
5 7
5 6
5 6
5 6
5 8
5 6
73 3
311 2
29 3
5 8
13 4
5 7
5 9
11 5
5 8
7 6
5 6
13 3
5 7
23 3
43 4
13 3
37 4
7 5
13 4
5 7
5 6
5 7
7 6
7 5
229 2
5 6
5 6
7 6
5 7
79 2
5 8
19 3
7 5
5 8
5 6
5 6
5 8
149 2
5 7
67 2
7 6
5 8
7 8
19 3
5 8
5 7
73 2
59 2
7 6
5 7
17 3
5 8
5 7
7 5
5 7
13 4
11 4
11 4
5 9
7 6
109 3
23 3
1987 2
101 2
5 9
5 6
5 7
23 3
7 5
5 7
5 7
109 2
17 5
167 2
43 3
337 2
5 7
5 7
5 6
5 7
83 2
463 2
5 7
7 5
5 7
11 4
5 6
11 4
881 2
5 6
97 2
19 3
349 3
5 7
5 8
13 3
53 3
227 2
5 6
7 6
7 5
7 5
5 6
5 7
103 3
5 6
11 4
11 4
5 6
5 7
5 8
5 6
1487 3
11 4
29 3
13 3
19 4
277 2
2971 3
13 3
5 7
43 3
5 7
257 2
5 7
5 6
5 6
7 5
5 6
19 4
73 2
17 3
193 2
317 2
2011 2
7 5
257 2
97 2
5 9
7 5
127 2
5 6
13 5
23 3
71 2
5 7
7 5
5 9
401 2
5 7
107 4
103 2
2017 2
17 4
5 9
7 4
5 8
59 3
47 3
13 4
5 6
1031 2
367 2
61 4
5 6
71 2
587 2
7 4
7 6
37 3
13 4
197 3
13 4
7 5
7 5
7 5
13 4
11 4
191 2
5 6
5 7
5 8
5 7
23 3
7 5
5 7
29 4
5 8
7 5
5 7
13 4
5 6
7 6
5 6
11 5
13 3
61 3
5 7
5 7
73 2
7 4
151 2
5 8
541 2
5 7
641 2
53 3
7 5
509 2
11 4
5 6
13 6
107 3
41 3
7 5
61 2
17 3
47 3
19 4
137 2
13 4
71 2
5 7
23 3
5 7
643 2
7 6
13 5
5 7
19 3
5 7
13 3
593 2
5 7
13 4
5 7
5 7
23 4
7 5
7 5
5 7
191 2
19 4
11 4
5 8
11 4
17 4
13 4
23 4
29 3
5 6
5 7
43 3
199 3
113 2
197 2
7 6
5 6
13 6
43 3
7 5
7 5
5 8
61 2
5 7
5 7
19 5
19 4
7 6
1049 2
5 6
31 3
29 3
283 2
191 2
41 3
5 7
59 3
5 6
5 9
7 6
11 4
7 6
19 3
79 2
5 7
13 4
5 6
7 6
5 7
7 4
5 6
197 2
7 5
5 7
71 2
71 3
5 7
5 6
71 2
5 10
233 2
5 8
5 8
13 6
7 4
7 6
5 7
7 7
23 3
5 7
173 2
13 4
11 6
11 4
5 6
5 7
13 4
5 7
157 2
5 6
151 2
263 2
11 4
5 6
13 4
19 4
13 4
11 5
19 6
59 4
5 6
5 7
11 4
7 5
5 7
7 5
61 4
7 5
11 5
7 4
1061 2
73 3
23 4
271 2
23 4
313 5
13 4
11 5
107 3
19 4
113 2
13 3
13 4
919 2
13 4
5 6
157 2
5 9
7 4
13 4
5 7
7 6
13 4
13 4
5 6
11 5
19 3
11 4
17 4
7 5
5 6
5 8
7 5
61 3
5 6
197 2
5 6
5 9
7 6
7 5
29 3
5 7
7 5
31 4
659 2
5 6
13 5
109 3
7 4
5 6
5 7
11 4
31 6
239 2
5 6
47 3
11 4
23 3
7 5
1277 2
7 5
5 7
23 3
103 4
661 2
227 2
5 6
5 7
23 4
109 2
401 3
5 7
5 7
5 8
43 3
107 2
487 2
3121 3
5 6
5 6
173 2
13 5
5 6
929 2
5 7
23 5
7 7
13 5
19 4
11 4
17 3
13 5
37 3
7 6
23 4
11 4
61 3
19 3
17 3
131 2
331 2
11 4
11 5
5 7
11 4
23 3
101 2
11 4
13 4
5 6
5 7
5 6
5 7
419 2
5 6
193 2
5 8
19 4
269 2
1289 2
23 3
5 7
5 7
11 5
5 7
13 3
563 2
5 6
149 2
7 5
83 2
5 7
5 6
5 7
5 6
7 5
5 7
5 8
79 2
11 5
5 7
5 8
11 5
29 4
13 3
5 7
13 3
17 3
5 7
43 3
61 4
7 6
23 3
7 4
7 5
617 2
5 6
199 2
37 3
23 3
7 6
5 7
5 8
23 3
13 3
277 2
5 7
13 4
11 4
113 4
5 7
2137 2
151 2
3169 3
5 7
29 3
197 2
5 6
5 6
5 6
1091 2
5 6
7 5
5 8
673 2
5 8
307 2
5 7
13 3
37 3
811 3
17 4
5 6
7 5
127 2
5 6
17 3
47 3
13 3
79 2
5 6
97 2
7 5
5 7
5 6
5 7
139 5
13 6
17 4
5 7
7 4
7 5
5 8
19 4
7 6
5 6
19 3
13 5
11 4
13 3
223 2
13 4
17 3
11 5
19 4
5 6
13 4
1601 3
7 5
5 6
23 3
109 3
43 3
11 5
13 4
61 3
7 7
149 2
5 6
5 6
5 8
113 3
5 7
5 6
5 7
7 5
107 2
101 3
7 5
5 6
421 3
953 2
1103 2
29 5
5 6
5 6
7 6
7 5
7 4
7 6
7 5
7 6
5 8
13 4
5 6
23 3
5 6
7 6
199 2
1319 2
13 3
13 4
5 7
5 6
61 2
19 3
41 3
11 4
17 4
11 4
23 3
227 2
23 3
5 7
683 2
7 5
7 5
5 6
1109 2
23 3
5 7
5 6
7 6
5 6
5 6
7 7
43 3
2179 2
5 6
23 4
5 6
367 3
5 7
13 5
73 4
7 5
11 4
5 8
11 6
5 6
11 5
233 2
5 7
23 4
23 3
5 6
5 7
431 2
17 3
5 8
7 5
7 5
7 5
11 5
19 4
13 4
5 7
283 2
5 8
5 7
313 2
109 4
13 4
17 4
13 3
5 6
7 5
5 8
41 3
5 7
151 2
11 4
67 2
5 7
5 7
7 5
29 3
5 8
23 3
89 2
5 8
13 4
157 2
13 3
7 4
191 3
29 3
5 8
5 7
19 4
5 6
547 2
5 7
151 2
5 6
11 5
7 5
229 2
19 3
11 4
7 4
197 2
7 4
199 2
67 2
7 6
13 5
971 2
5 6
7 6
61 3
5 6
5 7
7 5
83 2
37 3
5 6
11 5
7 5
13 4
11 5
13 3
113 3
5 6
7 5
11 5
37 3
5 7
37 3
13 3
7 5
7 5
5 7
37 5
5 7
19 5
5 7
7 5
7 5
19 5
103 2
5 9
13 4
11 4
5 6
277 2
5 8
19 3
19 4
13 3
11 4
7 6
53 4
5 8
5 7
5 7
67 2
5 8
179 2
13 4
199 2
197 2
5 7
5 7
5 6
59 2
7 5
3301 3
7 5
5 6
61 3
37 3
433 3
5 7
13 4
5 7
5 7
181 3
229 2
13 4
7 5
5 7
5 6
101 2
5 6
31 4
193 4
5 7
19 3
5 7
163 2
983 2
109 2
5 7
701 2
5 6
5 6
401 2
5 6
157 3
23 3
5 7
41 4
5 7
5 6
5 7
5 8
5 6
179 2
1361 2
11 4
5 7
109 2
5 7
13 4
647 2
13 3
5 6
7 6
13 3
7 5
557 2
5 8
13 6
5 6
229 4
5 6
251 2
5 7
103 2
79 3
5 6
13 4
5 7
13 3
5 7
5 7
5 6
17 3
1367 2
5 6
5 7
13 6
2251 2
131 2
293 2
13 3
5 6
5 7
17 3
7 5
5 6
5 7
7 6
73 2
7 5
5 8
11 4
7 7
73 2
5 6
7 6
7 5
109 5
7 5
7 6
7 7
257 3
7 4
5 6
7 5
29 3
7 6
23 3
5 7
5 7
7 5
13 4
7 5
137 2
7 5
653 2
103 2
5 8
5 8
7 5
307 2
239 2
599 2
5 7
7 5
13 4
13 3
11 5
71 3
83 3
5 6
7 5
59 3
5 6
7 4
19 4
251 2
13 4
5 7
5 7
13 5
13 5
23 3
7 5
523 2
11 4
5 6
7 6
5 6
7 5
5 6
7 5
23 3
23 3
5 6
11 4
7 6
17 4
5 7
5 7
13 5
5 6
13 4
13 5
61 3
19 3
17 3
2281 2
29 3
11 4
73 2
61 3
5 7
11 4
37 3
1697 3
1163 2
13 4
5 7
7 5
43 4
659 2
23 3
5 6
5 7
17 3
11 4
449 2
61 2
17 4
5 6
5 7
23 4
5 6
5 6
5 6
5 8
23 3
7 4
5 8
5 6
5 7
17 3
5 6
19 4
7 5
13 3
1009 2
719 2
23 3
7 6
569 2
19 5
83 3
5 6
7 5
5 7
19 6
5 6
5 7
5 8
7 4
13 4
13 4
13 4
5 7
5 7
73 3
13 4
5 9
5 7
5 7
13 4
197 2
5 7
1013 2
5 6
571 2
5 6
17 6
17 4
7 7
61 2
11 5
7 5
197 4
101 2
31 3
7 5
5 7
7 5
31 3
5 7
5 7
5 6
5 7
5 7
2311 2
11 4
5 7
5 9
11 5
5 7
7 5
7 6
13 5
7 5
7 5
5 7
5 6
11 4
13 5
7 5
5 7
7 6
5 8
313 2
1019 2
71 2
5 8
359 2
103 4
127 2
5 6
17 3
5 6
5 6
5 8
29 3
13 3
613 2
73 3
7 5
19 3
17 5
5 8
173 2
5 6
5 6
5 7
157 2
53 4
5 6
163 3
7 6
157 2
157 2
13 5
139 3
7 7
5 6
13 4
5 7
5 6
13 4
5 7
43 4
7 5
19 4
5 7
13 3
19 5
5 7
5 7
7 6
7 5
5 6
5 7
13 3
5 8
883 3
7 5
23 4
5 7
5 7
79 2
5 7
3469 3
13 3
7 6
13 3
113 2
5 7
43 3
5 7
107 3
29 3
17 3
733 2
19 4
7 4
19 4
67 4
19 3
5 6
13 4
1193 2
5 6
23 4
19 3
5 8
13 3
619 2
7 5
5 7
2347 2
11 4
13 4
5 6
19 4
7 7
41 3
5 7
5 6
5 6
1033 2
5 7
7 5
11 4
677 2
73 3
23 4
83 2
7 5
211 2
7 7
5 7
109 3
7 5
53 3
131 2
461 2
5 6
5 6
5 7
7 5
13 4
13 5
13 3
71 3
7 5
13 4
5 7
7 6
5 6
397 3
13 4
5 6
5 6
13 5
5 6
421 2
5 7
43 3
5 6
11 6
5 8
1039 2
5 9
7 5
5 7
53 3
5 6
5 7
29 4
5 6
7 6
5 7
7 6
23 4
13 4
17 3
11 4
1439 2
5 7
23 5
7 6
2371 2
13 3
5 8
17 3
7 5
13 4
5 6
181 2
73 2
13 4
241 2
743 2
101 2
23 3
887 3
109 3
7 5
11 4
2377 2
17 3
3529 3
5 6
61 3
23 4
5 7
5 7
19 4
5 7
5 8
5 6
5 7
5 6
7 5
337 2
7 5
23 6
19 3
5 8
293 2
83 2
73 4
5 6
7 5
547 2
3541 3
11 4
7 5
5 7
79 2
463 3
5 6
97 2
7 6
5 7
2389 2
5 6
5 6
13 3
29 4
7 6
7 5
397 2
5 7
7 5
1051 2
7 5
7 5
19 4
263 2
5 6
17 4
5 6
5 8
13 3
5 7
5 8
47 3
7 6
193 3
7 6
3559 3
13 3
7 6
7 8
5 7
13 3
5 6
5 7
7 6
17 3
17 4
751 2
5 7
5 6
11 5
7 5
97 2
5 7
233 2
73 2
7 5
5 6
307 2
157 2
5 7
7 5
83 2
5 6
11 4
233 3
7 5
127 2
29 3
17 3
7 6
7 7
37 3
5 7
5 6
7 5
7 5
137 2
19 6
107 4
5 7
5 6
7 4
11 5
3583 3
7 4
7 6
13 3
7 6
5 9
1061 2
5 6
5 8
71 3
11 4
163 2
5 7
71 2
31 4
31 4
5 7
107 2
5 7
13 4
1063 2
13 4
7 6
71 2
7 8
7 5
47 3
7 5
13 4
461 3
11 4
5 7
5 7
5 6
7 5
5 7
13 3
5 7
19 5
5 8
11 5
5 7
7 5
13 4
29 3
5 8
421 3
31 4
19 4
13 3
29 4
7 5
41 3
5 7
19 3
7 4
13 5
11 4
37 3
7 5
13 5
641 2
5 8
761 2
5 6
101 2
5 7
5 6
5 7
19 4
2437 2
157 2
7 5
61 2
433 2
5 7
5 6
7 5
13 4
13 4
19 5
11 4
23 3
7 5
5 8
643 2
5 7
5 9
19 4
5 6
5 7
5 7
17 4
43 3
5 6
7 6
7 5
5 7
79 2
13 5
5 6
191 2
43 5
5 7
53 3
5 6
5 7
5 7
1487 2
11 4
113 3
13 4
29 3
227 2
5 6
5 6
41 4
5 7
23 3
73 3
5 8
197 2
5 7
7 4
5 8
13 3
11 6
7 5
7 5
11 5
11 4
7 5
5 6
5 7
5 6
73 4
313 2
7 5
1493 2
5 6
19 3
7 5
5 7
769 2
13 4
41 3
5 7
5 7
19 4
163 2
7 5
7 6
5 6
7 5
29 3
379 2
7 7
5 7
61 3
7 6
5 6
7 5
269 2
7 4
5 6
7 5
79 2
61 4
1499 2
71 2
67 3
167 2
5 7
13 4
19 3
5 10
211 2
5 6
7 5
331 2
3673 3
7 4
19 4
13 4
5 6
19 3
7 5
5 7
5 6
7 6
5 6
29 3
7 5
5 6
11 5
19 3
19 4
7 5
11 4
5 6
5 7
139 3
199 3
41 3
7 6
13 4
83 4
11 5
7 5
179 2
5 6
59 4
7 5
5 7
83 3
113 3
1091 2
5 7
13 5
67 3
41 3
7 6
13 4
7 4
5 8
5 6
103 2
5 7
1511 2
23 4
1093 2
43 3
7 5
13 3
13 5
19 4
271 2
5 8
5 8
193 2
227 2
13 4
5 7
5 6
67 2
7 5
7 5
13 4
109 2
19 3
5 8
5 6
239 2
5 6
61 3
241 3
5 6
5 6
11 4
7 5
29 3
5 7
433 3
43 4
443 2
5 6
5 8
17 5
89 2
5 6
617 2
7 5
5 6
17 3
17 4
101 3
719 2
659 2
7 5
13 3
19 3
7 5
5 7
5 6
5 7
19 3
5 8
23 3
1523 2
5 6
5 7
23 4
43 3
19 3
257 2
1277 2
619 2
13 3
5 6
163 2
1103 2
661 2
5 7
5 7
131 4
19 4
1871 3
109 2
5 7
23 3
73 3
17 4
251 2
43 3
7 5
13 4
7 5
5 7
5 7
5 6
5 8
5 7
5 6
5 6
11 6
5 7
5 7
7 6
13 4
7 6
1877 3
11 4
7 6
73 4
5 7
5 6
491 2
23 4
83 3
5 7
5 7
5 8
5 6
131 2
307 2
5 6
11 4
17 3
7 4
11 4
7 6
71 3
5 7
5 7
7 7
5 6
5 7
19 4
23 4
19 4
7 7
5 6
11 4
5 6
7 5
19 4
7 5
1289 2
31 3
5 7
7 4
223 2
3769 3
5 7
5 6
13 3
5 6
19 3
11 4
7 5
7 7
5 8
7 5
5 8
13 3
5 6
5 6
5 6
5 8
13 5
73 3
11 5
211 2
97 2
5 6
23 5
11 7
13 3
5 6
7 5
5 7
7 7
13 4
43 3
13 4
5 6
7 4
5 7
5 7
7 5
7 6
7 6
5 7
11 4
953 3
23 3
17 4
5 6
7 5
5 7
5 7
13 3
5 7
19 3
5 6
13 3
11 4
113 4
61 3
7 6
7 6
5 7
5 8
5 7
7 6
7 5
113 4
131 2
13 4
5 6
5 6
97 2
17 3
7 5
11 4
673 2
19 5
5 6
149 2
7 5
5 8
37 3
5 6
53 3
83 2
277 2
13 5
127 2
61 3
23 4
23 3
317 2
5 8
79 2
5 7
127 2
7 6
43 4
13 4
5 6
5 8
197 2
5 6
7 4
5 7
5 7
5 7
5 8
7 4
5 6
3823 3
7 6
1129 2
5 7
5 6
223 2
389 2
13 3
5 8
71 2
433 4
7 5
7 5
19 4
5 7
5 8
5 6
13 4
11 4
5 6
5 7
41 4
61 4
7 5
5 7
13 4
5 7
5 7
7 5
19 4
5 7
5 6
5 8
43 4
5 7
5 7
7 7
5 7
5 7
103 4
13 6
13 4
5 9
5 6
7 6
71 3
37 5
5 7
1571 2
5 6
5 6
5 7
101 2
7 6
19 3
7 6
211 2
37 3
5 7
13 4
19 3
5 6
5 7
5 6
181 3
7 5
5 7
1319 2
7 5
13 4
5 7
397 2
5 7
61 2
7 6
227 2
37 3
5 7
13 4
11 4
7 5
103 2
17 4
811 2
11 7
683 2
5 7
5 8
71 2
19 4
257 2
23 3
5 9
67 2
5 7
23 3
5 7
5 6
5 6
7 6
107 3
127 2
641 2
23 4
89 3
5 7
17 5
5 6
1583 2
73 4
11 4
281 2
7 5
239 2
7 6
5 6
439 3
5 7
151 2
7 5
5 8
23 3
5 6
5 7
5 6
7 5
13 4
5 8
5 6
7 5
2617 2
163 2
11 4
19 4
7 5
5 6
5 6
5 7
7 6
5 7
223 2
5 7
5 6
83 2
5 7
13 3
5 7
7 6
101 2
7 5
13 5
5 7
5 7
19 4
17 3
13 5
1151 2
5 7
7 6
401 2
5 7
7 6
509 2
89 2
463 2
5 6
17 4
11 4
19 5
7 4
5 6
13 6
5 7
433 2
317 2
19 4
5 7
11 4
23 4
283 2
647 2
5 6
19 5
13 4
5 6
7 5
5 7
11 4
13 5
43 4
19 4
601 2
5 7
67 2
43 3
167 2
5 6
5 8
5 6
7 6
283 2
5 6
17 4
7 5
11 4
83 2
5 7
17 4
11 4
13 5
5 7
13 4
13 4
5 6
131 2
61 3
3931 3
7 5
181 3
5 6
2647 2
7 5
5 8
13 3
5 7
7 5
7 5
89 4
1607 2
5 7
11 4
5 7
13 4
7 4
17 5
19 5
5 6
7 6
5 7
11 4
5 6
5 6
11 5
5 6
5 7
7 5
11 4
13 3
7 6
5 8
5 6
11 5
7 5
5 7
5 8
11 4
2659 2
5 6
13 3
13 4
7 7
5 7
73 3
829 2
13 4
5 6
11 5
7 5
13 3
229 2
7 5
5 6
7 7
5 6
13 4
607 2
13 5
13 4
73 3
7 6
5 6
89 2
79 2
13 4
23 4
29 4
11 4
5 8
1619 2
5 6
43 4
11 4
2671 2
5 6
47 3
5 7
1171 2
5 6
5 6
163 2
5 7
701 2
11 4
5 6
337 2
107 2
269 2
157 3
5 7
5 9
7 5
181 2
5 7
5 6
5 8
11 4
5 6
11 4
7 6
1361 2
47 4
17 4
463 3
5 7
5 6
13 4
13 4
7 5
89 2
43 3
1997 3
13 3
19 4
5 6
11 5
11 4
13 3
5 6
139 3
7 5
7 5
41 4
29 4
103 2
7 6
13 4
7 5
17 3
5 6
13 3
7 6
233 2
59 3
19 3
11 4
1367 2
79 3
7 5
13 3
613 2
7 5
131 2
661 2
839 2
7 5
5 7
5 6
17 3
13 4
5 8
13 4
5 7
11 4
73 2
17 3
5 6
5 7
23 4
1637 2
73 2
13 5
11 5
5 7
5 7
227 2
7 5
233 3
5 7
97 2
1021 3
773 2
5 6
29 3
5 7
17 3
61 5
239 2
5 7
23 4
5 7
13 5
7 4
5 8
137 2
5 7
11 5
13 4
5 8
7 5
5 8
79 3
5 7
7 4
5 8
31 3
5 7
23 4
19 3
7 5
5 6
11 4
71 3
5 6
5 6
5 7
43 3
7 5
5 6
5 7
5 7
107 2
7 5
11 5
5 7
5 7
11 6
11 5
53 3
5 7
7 5
17 4
7 5
5 7
5 6
11 4
5 6
17 5
137 3
5 6
113 2
1193 2
23 3
5 7
17 3
5 7
7 6
7 5
5 7
5 7
7 5
5 7
263 3
1019 3
13 5
5 8
13 4
13 3
17 4
7 4
29 3
23 3
7 5
2731 2
149 2
5 8
11 4
7 5
7 6
7 5
7 6
11 5
5 7
29 4
7 5
101 2
13 3
139 3
5 6
89 3
79 2
47 3
17 5
5 6
61 2
5 7
11 5
41 3
7 5
5 7
5 6
7 5
19 5
11 4
853 2
173 4
7 4
13 4
5 7
79 3
5 8
5 8
5 6
5 7
43 3
7 5
199 2
71 4
719 2
7 5
293 2
5 7
19 4
5 7
83 3
7 5
19 3
2749 2
5 8
1667 2
5 6
7 6
7 5
7 6
5 6
7 7
13 4
5 7
7 5
227 2
17 4
4093 3
13 4
31 3
17 3
7 4
5 8
11 4
197 2
5 6
19 5
463 4
11 4
7 5
5 6
5 8
13 3
11 5
7 5
5 8
11 5
7 6
67 3
11 4
19 3
7 7
7 5
11 5
19 3
157 2
5 7
13 4
5 7
79 3
5 7
41 3
13 4
5 6
11 4
59 3
73 3
2767 2
151 2
13 5
7 5
5 8
61 2
7 6
7 5
5 6
5 7
1213 2
7 5
7 5
5 6
233 2
5 7
19 4
5 8
5 7
421 2
347 2
71 2
239 3
863 2
13 4
11 5
269 2
5 6
7 5
5 7
5 6
631 2
4129 3
29 3
31 4
43 4
5 8
23 4
17 3
19 3
487 2
5 6
5 8
5 8
7 7
5 6
73 3
239 2
5 6
139 2
5 7
163 3
5 6
151 2
13 4
367 2
73 5
139 3
5 6
5 7
43 6
13 4
7 5
5 6
7 5
7 6
179 2
7 6
5 6
19 4
73 4
17 5
2791 2
5 6
797 2
5 7
5 9
29 4
5 6
149 3
1223 2
13 3
29 4
13 4
5 6
101 2
13 5
5 7
53 3
17 4
7 5
43 3
7 5
13 3
13 3
179 2
17 3
167 2
1697 2
43 3
97 3
89 2
13 4
13 4
5 8
733 2
19 6
13 3
7 6
5 6
2087 3
19 3
271 2
5 6
7 5
5 6
13 3
23 4
103 3
23 5
5 6
137 2
1229 2
7 5
5 7
5 6
11 5
241 3
5 7
5 6
11 4
7 6
5 6
67 2
19 3
5 6
5 6
7 5
17 3
241 2
5 7
11 4
5 7
73 2
5 8
1063 3
5 7
7 5
11 5
11 4
7 5
7 6
7 5
7 5
7 6
5 8
5 6
197 2
1709 2
5 6
29 4
79 4
83 2
109 3
37 3
13 3
5 7
59 3
19 3
19 4
233 2
7 6
691 2
23 3
19 4
11 4
5 7
5 6
5 7
173 2
71 4
5 7
5 8
43 3
7 6
43 3
67 3
5 7
19 3
5 9
5 8
167 2
5 7
463 2
5 6
5 7
23 4
5 7
17 3
643 2
199 5
7 6
31 3
881 2
5 6
5 8
5 6
1439 2
23 3
7 6
23 4
11 4
7 5
13 3
337 2
5 8
29 4
241 2
13 4
5 6
7 6
5 6
31 4
5 6
5 7
743 2
7 5
5 7
5 7
13 4
5 7
7 5
5 8
5 7
5 7
71 3
4231 3
5 6
193 3
431 2
5 6
13 3
11 4
19 4
5 7
5 6
5 7
29 4
5 6
5 6
61 3
7 5
11 4
257 2
5 6
19 3
5 7
5 7
5 8
181 2
4243 3
5 6
5 6
73 2
5 6
7 6
7 5
7 5
41 3
199 2
2857 2
13 4
5 7
97 2
73 3
5 7
89 2
89 2
1733 2
5 6
127 3
7 5
7 7
71 2
7 5
397 2
7 5
37 3
7 5
11 4
7 5
7 5
17 4
103 2
7 5
59 3
11 4
5 6
199 3
61 4
5 6
7 5
701 2
47 3
5 7
5 6
5 7
7 6
5 7
13 3
5 6
41 3
7 6
71 2
5 7
5 6
5 7
19 4
5 7
19 4
263 2
751 2
229 2
13 4
7 6
73 2
2141 3
97 2
29 3
277 3
7 5
5 8
1259 2
5 6
61 3
83 4
7 5
11 4
7 5
83 2
7 7
97 2
5 7
29 4
503 2
127 2
61 3
5 7
5 6
149 2
5 8
37 3
5 9
5 6
127 2
5 8
11 6
137 2
67 3
5 8
19 4
31 3
7 5
7 4
11 4
47 3
5 8
19 3
5 6
13 3
277 2
7 5
7 6
7 5
5 7
5 8
5 9
61 4
5 9
5 6
13 4
71 2
5 7
7 5
5 8
1093 3
37 4
5 7
5 6
5 7
13 4
11 5
431 2
71 2
31 4
79 3
13 5
107 2
7 5
13 4
7 5
7 5
229 3
5 7
5 6
5 6
709 2
17 4
43 4
353 2
13 5
19 5
7 6
5 7
13 4
17 3
7 5
13 4
5 8
5 7
7 5
13 5
5 9
19 4
223 2
19 5
5 6
5 7
5 7
5 7
11 5
29 3
7 4
29 3
5 7
37 3
31 4
7 5
23 3
283 2
5 9
761 2
47 3
7 6
7 5
137 2
7 5
5 7
7 5
7 5
2917 2
661 2
251 2
61 2
251 3
11 4
41 3
5 6
79 2
13 4
29 4
11 4
103 2
5 6
11 4
7 5
31 3
7 6
11 4
79 3
31 3
19 4
1279 2
59 3
29 3
5 7
37 5
43 3
7 6
5 7
5 6
7 5
7 5
79 2
5 6
83 3
11 4
23 3
5 6
5 7
19 4
11 6
13 4
5 6
13 5
1487 2
13 4
23 4
239 2
181 2
5 6
227 2
47 5
5 6
11 5
5 7
1097 3
23 3
7 5
13 4
139 3
5 7
11 5
7 4
13 5
5 6
7 5
5 6
5 7
7 5
83 3
5 6
5 8
13 4
347 2
5 7
7 5
41 3
5 7
5 8
7 5
1493 2
5 8
157 2
13 3
5 6
5 6
769 2
199 3
29 3
11 6
11 5
5 6
19 4
13 5
5 6
5 6
5 8
1787 2
7 5
67 3
311 2
7 6
11 4
1103 3
61 3
1291 2
7 5
107 2
5 6
109 5
7 4
5 7
7 4
7 7
5 7
43 3
1499 2
5 6
11 5
11 4
7 6
13 4
13 4
7 7
5 7
5 7
359 2
19 5
7 5
13 5
29 3
5 6
919 2
5 7
13 4
349 2
7 5
67 2
571 3
233 2
5 6
131 3
5 7
7 7
11 4
107 5
5 6
151 3
251 2
5 6
5 6
5 6
11 4
5 6
7 6
13 5
11 5
5 7
41 3
31 4
173 2
37 3
5 6
5 7
7 5
499 3
7 5
5 6
5 6
4423 3
5 7
5 6
5 7
7 5
13 4
1301 2
13 5
7 5
5 6
5 7
11 4
7 8
7 4
13 4
449 2
5 7
7 5
5 8
1511 2
7 5
7 6
5 6
47 3
13 5
13 3
5 6
19 3
19 4
5 7
5 9
5 8
11 4
23 3
17 5
7 6
311 2
5 6
5 6
7 6
5 6
7 6
17 5
109 2
7 5
19 4
7 6
19 4
7 4
5 6
17 5
7 5
7 6
487 2
151 3
11 4
7 6
7 5
5 6
5 6
5 10
43 4
7 5
929 2
7 7
7 5
521 2
89 2
13 4
7 5
31 4
19 4
7 5
17 3
5 6
5 8
5 6
13 5
13 5
7 5
7 7
23 3
3001 2
19 3
5 7
5 6
47 3
43 4
7 5
7 5
5 6
1523 2
7 5
11 4
107 2
37 3
7 5
19 3
5 7
7 5
5 7
11 4
19 3
5 6
5 6
19 3
79 3
5 7
1823 2
5 7
313 2
71 2
17 4
269 2
857 2
5 7
5 9
13 4
7 4
7 5
227 2
43 3
13 4
13 3
5 6
11 4
5 7
5 7
7 5
19 4
5 6
11 4
1319 2
5 6
5 7
317 2
17 3
17 3
13 4
13 4
7 6
17 6
109 3
11 5
5 8
73 4
1321 2
13 3
19 3
11 5
5 6
83 3
5 6
13 3
5 6
5 8
5 10
131 2
109 3
7 6
113 2
5 6
13 6
7 4
103 3
47 4
5 8
73 4
5 7
5 7
23 3
7 5
7 5
7 6
13 4
23 4
739 2
19 4
5 7
7 6
13 3
5 6
5 6
13 4
7 5
19 4
5 6
31 3
5 6
5 6
3037 2
457 2
4519 3
5 7
7 6
7 6
5 9
13 5
5 7
11 4
23 4
5 8
7 4
5 6
191 4
5 8
5 7
83 3
19 4
5 6
233 2
5 8
5 6
13 3
13 5
397 2
5 7
97 2
83 2
7 5
19 3
137 2
5 7
5 6
37 3
5 7
3049 2
7 5
5 6
43 3
5 8
17 4
5 6
7 5
2273 3
5 7
11 5
43 3
5 7
7 5
227 2
11 4
7 7
5 7
11 4
5 6
13 4
7 5
11 5
47 3
43 5
691 2
4549 3
19 3
5 7
257 2
113 2
7 5
5 6
61 3
83 3
5 8
3061 2
11 5
7 5
5 7
19 4
29 3
5 6
13 5
7 5
13 4
5 8
23 3
13 4
7 5
359 2
7 5
73 3
5 6
13 4
5 6
19 3
149 2
37 3
11 4
241 3
5 7
11 4
53 3
103 3
31 4
5 7
5 7
11 4
61 3
197 4
5 6
7 5
223 2
13 4
79 2
139 3
953 2
11 4
5 6
5 7
13 4
7 5
5 6
7 5
181 2
13 4
7 4
139 4
43 3
3079 2
7 5
5 7
7 4
31 5
211 2
7 5
23 3
7 5
5 7
103 4
5 8
43 3
5 9
2297 3
5 8
19 3
5 7
19 4
31 4
7 5
19 4
5 6
7 5
5 6
5 9
13 4
11 4
7 6
71 2
5 6
5 7
1871 2
7 5
5 7
5 6
7 5
7 5
11 4
7 5
5 6
17 3
103 2
7 5
227 2
43 4
7 5
5 6
5 8
7 6
13 6
5 7
107 3
109 2
7 5
5 7
239 2
5 6
5 7
5 8
11 5
19 4
11 5
1571 2
7 6
83 3
67 3
5 8
5 6
7 6
5 7
5 8
5 7
13 3
593 2
5 7
7 5
23 3
37 3
11 4
13 5
5 6
7 6
5 7
11 4
7 6
23 5
7 5
7 5
5 6
7 5
23 3
5 6
61 2
757 2
467 2
5 7
5 8
13 4
13 4
5 7
5 7
5 6
13 4
11 5
811 2
67 3
5 6
13 4
11 4
1361 2
71 2
13 5
5 8
523 4
7 6
4639 3
67 2
7 6
5 7
5 7
59 3
5 6
5 6
23 4
79 2
3121 2
89 2
19 3
23 4
541 2
5 7
23 3
5 6
5 7
1583 2
37 3
29 3
5 6
5 8
251 2
239 2
13 5
191 2
5 7
7 5
13 4
151 2
17 4
13 4
7 5
5 7
5 6
5 7
5 7
5 8
13 4
7 4
7 6
5 6
5 9
7 5
43 4
7 5
7 5
19 4
5 8
971 2
5 6
163 2
7 5
7 6
5 6
5 7
29 4
7 6
599 2
83 2
43 4
7 6
67 3
11 4
1901 2
101 2
19 4
7 5
19 4
13 3
7 7
19 4
241 2
41 4
13 3
193 2
13 3
7 6
5 8
37 3
7 5
17 3
13 6
89 2
7 5
61 3
5 9
107 2
5 7
19 5
5 7
103 5
5 6
409 2
1907 2
433 2
89 3
13 3
7 6
13 4
19 5
23 4
7 7
13 4
139 2
167 3
7 5
13 4
5 7
13 3
5 6
11 4
281 2
13 5
7 5
7 5
59 3
7 6
5 6
67 2
5 7
23 4
11 4
5 7
1913 2
5 6
5 6
13 4
11 4
5 7
13 6
7 5
7 5
5 6
13 3
11 4
19 4
11 4
7 5
61 3
5 6
5 8
7 5
5 6
13 4
17 3
197 2
5 9
5 7
181 3
7 7
5 6
5 6
5 7
5 7
13 3
5 7
5 7
5 7
5 6
11 4
1607 2
11 4
7 7
23 3
5 7
467 2
7 4
229 2
983 2
137 3
233 2
1187 3
5 7
83 3
13 4
5 6
331 2
17 5
5 6
7 6
5 7
5 9
19 4
7 5
7 6
53 3
73 4
19 4
5 7
7 7
5 7
23 4
179 2
97 2
383 2
53 3
13 3
7 6
109 2
5 8
79 3
5 6
829 2
7 7
7 5
7 5
5 8
7 6
13 3
41 3
7 5
19 3
229 2
5 6
5 6
5 6
7 6
5 6
5 6
1193 3
73 3
401 4
5 7
5 9
5 7
11 6
13 4
5 7
5 7
97 2
17 3
2381 3
1619 2
59 3
19 3
5 6
5 7
5 7
5 6
11 5
479 2
19 3
37 4
31 4
5 6
5 7
7 5
11 5
5 6
5 8
5 6
107 3
7 5
257 2
311 3
5 8
5 7
7 5
73 2
7 7
7 5
13 3
5 6
7 6
41 3
13 5
13 5
11 4
7 6
13 5
11 4
199 2
17 3
17 3
5 7
373 2
7 6
17 3
7 4
2393 3
89 2
7 5
31 3
17 3
7 5
5 7
5 6
43 4
5 7
397 2
13 5
7 6
139 3
73 3
5 6
83 2
307 2
4789 3
103 2
61 3
73 4
5 8
619 3
13 4
5 6
97 4
17 3
7 5
5 7
149 4
19 3
5 8
7 5
5 6
7 6
557 2
13 3
23 3
5 6
13 4
727 2
239 2
839 2
5 7
17 4
19 4
7 4
1409 2
13 4
5 7
5 7
3229 2
79 3
11 5
73 2
19 4
41 4
47 3
523 2
5 6
1637 2
5 7
5 7
5 6
11 4
23 5
5 7
7 5
7 5
5 6
7 5
269 2
97 2
5 6
5 7
19 5
5 7
5 7
5 7
5 7
13 5
149 2
67 2
5 6
23 4
787 2
19 4
11 5
19 3
5 7
137 2
7 5
13 3
29 3
19 4
257 2
7 5
139 5
5 7
47 3
337 2
19 5
5 8
7 5
109 3
7 6
151 2
163 3
7 5
5 8
5 6
83 2
7 6
5 6
5 6
59 3
5 8
71 2
11 4
7 5
5 7
811 4
5 7
23 3
5 6
5 7
5 7
37 4
5 6
7 6
7 5
7 6
5 7
43 4
7 6
107 2
487 2
5 7
5 6
5 7
5 8
3259 2
19 3
1973 2
5 6
1423 2
313 3
5 6
1009 2
563 2
17 3
7 5
13 4
5 7
139 2
5 8
5 7
7 6
5 6
7 5
11 4
479 2
13 5
103 3
233 2
31 3
7 5
11 4
7 4
109 3
5 8
5 7
7 6
5 6
149 2
5 9
53 3
7 5
13 4
233 2
7 5
379 2
7 5
5 7
271 2
13 4
7 5
5 8
1013 2
137 2
7 5
929 2
89 3
23 3
5 9
7 5
193 2
5 8
61 2
281 3
5 7
131 3
13 3
11 4
5 7
5 6
7 4
11 4
5 7
7 5
853 2
13 5
5 6
113 2
13 4
5 6
79 3
5 7
5 7
7 6
23 4
5 8
43 3
7 5
491 2
43 3
13 5
1229 3
7 5
37 3
19 3
47 3
31 3
5 7
83 3
13 6
13 4
7 6
11 4
5 7
1667 2
7 5
5 7
5 6
313 2
13 5
5 6
5 8
1019 2
89 4
5 7
401 2
227 2
13 4
103 2
167 3
7 7
5 6
17 3
7 6
5 8
13 4
7 6
5 6
5 6
823 4
5 7
23 4
73 3
53 3
5 6
73 4
179 2
7 6
149 2
233 2
5 8
5 6
5 6
5 7
5 6
13 5
19 3
5 6
41 3
5 6
5 7
11 4
157 2
11 5
23 3
17 5
5 7
5 6
5 7
5 8
5 7
11 5
5 7
5 6
59 3
5 6
7 5
179 2
17 3
383 2
7 5
149 3
5 7
5 6
5 9
17 5
5 6
47 3
19 6
7 5
73 3
7 7
5 6
7 5
5 6
37 3
5 7
7 5
5 7
307 2
5 8
5 6
5 7
71 4
863 2
7 5
5 6
13 4
67 2
2477 3
7 5
5 7
13 3
7 5
7 6
1451 2
29 3
13 4
13 5
13 4
5 8
19 3
17 3
19 5
23 3
571 3
5 8
7 6
5 8
73 3
5 7
11 4
5 6
317 2
5 6
13 4
29 3
5 6
5 7
5 7
151 2
5 7
13 3
7 6
19 4
809 2
5 6
7 6
79 3
61 4
7 5
5 7
5 6
11 4
23 4
5 7
43 4
7 5
5 6
17 6
31 4
5 7
1033 2
5 7
5 6
13 6
5 7
23 3
5 6
293 2
5 6
11 4
83 2
7 6
5 6
5 9
13 4
7 5
7 8
7 5
131 2
19 4
53 3
167 3
5 6
17 3
149 3
2027 2
13 3
577 2
17 5
13 5
13 4
5 7
1697 2
5 7
19 3
23 3
5 9
13 4
13 4
7 5
7 6
19 3
19 5
7 5
7 6
7 5
5 6
379 3
433 2
491 2
5 6
151 4
347 2
5 6
139 2
5 7
103 3
7 6
139 2
3361 2
1039 2
5 6
7 5
151 3
167 3
5 7
113 2
953 2
5 7
5 7
29 4
7 5
5 6
251 2
67 2
107 3
5 7
13 5
277 2
5 7
17 3
17 4
53 3
61 6
11 4
2039 2
73 2
5 8
59 5
23 3
13 3
19 3
11 5
1471 2
7 5
5 6
5 7
5023 3
7 5
47 3
73 2
5 6
5 8
13 4
1709 2
233 3
181 3
19 3
13 4
311 2
109 3
43 3
5 7
13 4
227 2
5 7
19 3
7 5
7 5
11 4
61 3
5 8
23 3
241 2
239 2
269 2
19 3
5 8
5 7
101 3
5 6
5 8
19 5
5 6
43 3
5 6
43 3
17 3
5 6
821 2
19 3
5 6
17 3
19 4
5 8
17 4
463 2
43 4
191 2
5 7
547 2
5 8
17 3
5 7
97 2
11 4
5 8
17 6
881 2
7 6
5 6
73 4
5 6
1481 2
23 3
89 2
37 3
13 5
7 5
5 8
13 3
5 7
179 2
19 4
23 3
5 7
13 4
29 3
151 2
5 6
1051 2
13 5
5 6
7 6
5 6
7 6
5 9
5 7
5 7
571 3
5 6
5 6
5 7
19 4
5 7
5 6
7 5
19 4
5 6
19 4
193 3
113 3
5 6
19 5
439 2
7 4
19 4
19 4
5 7
23 4
13 3
5 7
5 6
37 3
5 7
5 7
181 2
13 3
257 2
1489 2
5 7
19 5
7 6
5 7
5 8
5 8
229 2
5 7
211 2
47 6
73 2
7 6
509 2
5 6
7 6
2069 2
41 3
7 5
7 5
7 7
83 2
11 5
97 2
5 6
113 5
19 3
1291 3
1493 2
1733 2
13 5
17 3
5 7
29 4
5101 3
71 2
13 5
13 3
47 4
113 2
13 6
7 5
41 3
11 6
23 4
13 4
19 4
103 2
67 3
13 5
11 4
11 5
1283 3
199 3
41 3
127 2
17 3
13 4
263 2
47 3
5 7
1061 2
5 6
5 6
17 5
5 7
5 6
41 4
7 5
61 4
5 6
71 2
43 4
53 4
13 4
5 7
17 3
5 7
5 7
13 4
5 6
1063 2
7 6
13 4
5 7
5 8
23 3
661 3
653 2
29 3
5 7
7 5
71 3
23 3
37 4
5 6
229 3
11 5
7 5
5 8
281 2
7 5
47 4
7 5
53 3
19 3
7 5
29 4
73 4
11 6
53 3
5 7
79 2
5 6
5 8
11 5
5 6
193 2
7 6
5 6
349 2
19 4
5 6
283 2
41 4
67 3
5 7
29 3
13 5
283 2
7 7
7 4
397 2
47 3
17 3
7 6
43 3
5 6
5 8
29 3
211 2
5 8
11 6
7 5
37 5
13 4
7 5
5 7
317 2
5 9
29 3
19 4
17 3
11 4
5 6
7 5
79 2
5 8
19 4
23 3
13 5
5 6
5 7
23 3
7 5
5 6
5 6
71 2
5 8
5 7
5 7
7 5
7 6
7 5
7 6
5 6
7 5
7 6
983 2
5 7
13 4
5 7
73 3
5 7
5 7
43 4
23 4
37 3
5 7
13 4
659 2
5 7
5 8
7 6
109 2
157 2
11 4
5 8
29 3
47 3
7 6
53 3
13 5
19 4
5 7
11 5
109 2
7 4
67 4
5 7
13 4
13 4
7 6
47 3
7 7
29 3
59 3
7 6
47 4
251 2
19 3
23 3
13 5
5 7
5 6
17 4
5 6
7 6
7 6
173 3
7 6
13 3
31 3
7 5
11 4
5 7
47 4
181 2
1523 2
61 2
5 7
5 6
241 3
7 5
5 6
79 2
5 7
5 8
5 7
13 5
239 2
5 6
71 3
19 3
3499 2
113 2
11 4
11 4
5 6
5 7
5 8
5 7
23 4
59 3
601 2
5 9
67 2
17 3
353 2
7 6
89 3
7 5
23 6
787 2
239 2
79 2
11 5
13 4
5 9
5 8
5 7
5 6
53 3
7 5
5 6
7 6
5 7
5 6
5 9
5 8
13 5
61 4
31 3
239 2
1531 2
13 4
11 4
17 4
5233 3
5 6
13 5
19 3
13 4
17 3
2621 3
7 5
5 8
337 3
5 7
7 6
5 6
7 4
5 6
11 4
5 6
419 2
2129 2
5 7
5 7
7 6
19 4
5 6
13 5
13 4
5 7
5 8
101 2
7 6
13 4
5 7
7 5
19 3
5 7
5 8
13 6
157 2
83 2
5 7
11 4
19 5
13 4
199 3
23 4
23 3
3529 2
7 6
37 3
19 4
7 6
5 7
5 6
179 2
5 7
1787 2
7 6
7 5
37 3
7 5
43 5
11 4
11 6
1091 2
17 3
5 6
13 4
107 2
13 5
5 6
5 7
7 5
7 8
7 4
19 4
7 5
433 2
7 5
5 6
5 6
5 6
17 3
13 4
1093 2
13 4
13 4
19 5
61 3
11 4
19 4
857 2
19 5
5 7
5 8
11 4
7 7
7 5
919 2
17 5
43 3
89 2
17 3
5 7
67 2
29 4
17 4
7 5
19 4
97 2
5 7
43 3
11 4
13 4
5 6
19 3
151 3
859 2
5 6
17 3
7 5
11 4
11 4
5 7
11 4
13 4
7 5
269 2
5 7
19 4
17 3
5 6
5 7
7 8
5 6
23 3
13 6
7 6
197 2
2153 2
5 6
31 4
7 6
7 5
5 6
13 3
5 7
241 2
5 7
5 6
23 3
1553 2
7 5
7 5
13 3
59 3
5 6
7 5
7 4
73 3
7 5
73 3
5 7
97 3
5 8
41 3
53 3
13 4
139 3
5 6
47 3
19 5
5 7
3571 2
19 3
2663 3
19 4
19 4
5 7
151 2
101 3
7 7
23 3
241 2
1103 2
5 7
5 6
5 7
5 6
5 7
31 3
7 6
11 4
5 6
109 2
5 6
197 2
11 5
5 6
7 4
7 4
7 6
7 6
5 8
7 5
113 4
487 2
7 5
5 7
5 7
5 7
1013 2
5 6
601 3
5 7
7 6
367 2
431 2
929 2
7 6
13 4
5 7
5 7
521 2
13 4
7 6
103 4
7 5
7 5
5 7
17 3
7 5
7 5
13 4
5 6
31 5
13 5
5 8
11 4
5 6
5 7
5 8
19 3
5 8
5 6
7 7
5 6
13 4
7 5
113 2
5 8
5 8
337 2
7 5
11 4
5 7
5 6
311 3
7 7
31 5
5 7
23 4
109 3
37 4
5 7
5 8
5 6
5 7
19 5
97 2
239 2
617 2
1823 2
13 4
5 6
11 4
11 5
5 6
269 2
13 5
191 2
11 4
13 4
13 5
7 4
17 4
157 2
11 5
5 7
13 4
13 3
7 5
293 2
5 6
19 3
257 2
7 5
179 3
5 6
7 4
241 2
683 2
5 6
7 6
13 3
5 6
23 5
7 7
13 4
47 3
11 4
619 3
5 7
5 10
11 5
5 6
7 5
5 7
137 2
7 5
19 3
11 4
5 7
5 7
5 6
13 4
13 3
67 3
5 8
5 6
11 4
5 7
109 3
7 5
5 6
11 4
31 4
311 2
7 4
13 4
139 4
47 3
7 6
13 4
5 7
5 8
7 7
73 2
7 6
11 4
7 6
877 2
7 5
3631 2
5 7
7 6
5 7
5 8
193 3
5 7
191 3
5 6
13 4
61 3
11 4
7 5
131 2
11 4
5 6
29 3
23 4
7 5
7 6
5419 3
5 7
7 6
7 5
47 3
149 2
13 5
5 7
5 6
241 2
19 4
5 6
13 4
5 6
5 6
11 5
23 3
73 2
7 5
19 4
17 4
5 6
23 3
5 8
251 2
13 3
241 3
13 5
5 8
5 8
79 2
83 2
233 4
19 3
11 5
5 7
37 3
5 6
163 3
7 5
5 8
317 2
5 7
5 6
13 4
11 4
11 4
5 7
5443 3
7 5
5 6
13 4
5 7
5 7
1367 3
5 7
5 6
5 7
103 2
11 4
11 5
5 7
5 8
7 7
7 6
17 3
5 8
11 5
107 3
43 3
7 6
1129 2
11 4
19 3
11 5
5 7
43 3
5 8
257 2
5 6
5 6
71 2
17 3
17 4
7 6
11 5
181 3
41 4
37 3
13 5
7 7
5 6
5 8
37 3
5 9
5 8
5 7
23 3
5 6
11 6
7 5
7 5
5 7
73 3
461 4
19 3
7 5
19 3
887 2
149 2
37 3
5 7
5 6
7 5
1601 2
11 4
23 3
181 3
7 5
193 2
7 5
5 7
31 4
29 3
11 4
13 5
7 5
7 5
7 5
5 6
17 5
7 6
5 7
953 2
5 7
5 6
61 2
7 5
5 8
7 5
5 7
5 7
5 7
5 7
419 2
7 4
17 3
5 7
5 6
11 4
5 8
5 7
5 6
11 4
13 4
7 6
17 3
23 3
5 7
7 6
7 6
7 5
19 3
43 3
631 2
41 4
103 2
5 7
5 7
5 7
1609 2
5 7
19 3
263 2
59 3
5 6
5 7
5 6
3697 2
547 2
29 6
11 4
19 4
13 3
5 7
5 7
79 2
1871 2
7 6
17 3
5 6
5 7
443 2
7 5
5 9
7 5
103 3
5 8
1613 2
103 2
13 5
67 2
17 3
89 3
5521 3
5 6
73 3
5 8
7 6
5 7
19 3
107 3
5 6
23 5
3709 2
7 5
2243 2
5 6
13 5
5 7
7 6
5 6
19 3
11 5
5 7
109 2
5 6
223 2
5 10
5 8
31 3
7 6
7 6
19 3
13 4
5 7
19 4
13 4
5 8
11 5
5 6
23 3
277 2
7 7
5 7
7 5
5 8
7 6
467 4
7 6
17 4
5 6
7 5
7 5
1621 2
7 6
13 4
47 4
5 7
5 6
5 7
5 6
5 9
5 7
13 3
5 8
5 8
11 4
19 4
11 5
5 7
5 6
5 7
5 6
127 3
11 4
67 3
5 6
61 3
257 2
5 8
7 5
11 4
13 5
131 3
23 4
7 5
7 5
7 6
67 2
5 7
1151 2
5 8
19 4
5 7
5 6
5 6
5 7
29 3
7 5
5 7
89 2
5 7
61 3
3739 2
5 6
43 3
23 3
7 6
5 6
5 6
5 6
347 2
29 3
7 6
317 4
5 6
443 2
5 7
13 5
7 5
11 4
7 6
11 4
7 5
151 2
139 2
5 6
317 4
7 5
5 6
5 6
83 5
5 6
79 3
349 2
5 7
7 4
13 4
7 6
11 4
601 2
7 6
43 4
19 6
7 5
23 4
7 6
263 2
971 2
5 8
5 6
5 6
101 2
641 2
5 6
5 6
5 7
47 3
31 4
17 4
83 2
5 8
13 4
5 6
7 6
7 5
1901 2
907 2
199 3
131 2
13 4
5 8
13 3
11 5
5 6
197 2
179 2
5 9
13 3
5 7
5 6
5 8
7 5
7 5
37 3
11 4
13 3
19 3
11 5
269 2
7 5
19 3
7 5
17 3
5 7
13 4
19 5
7 5
557 2
5 7
7 4
5 7
1907 2
13 5
43 4
5 6
7 5
5 7
13 4
79 3
5 6
19 3
11 4
7 5
139 2
7 7
11 4
109 6
11 4
911 2
13 3
7 6
11 5
113 2
5 6
19 4
7 5
7 5
7 6
7 7
5 8
13 4
67 2
5 7
11 4
157 2
19 4
11 4
1913 2
11 6
5 7
53 3
5 6
5641 3
5 7
11 5
5 8
17 3
17 3
5 7
13 3
41 3
19 3
5 6
23 3
13 4
61 3
11 6
5 7
7 5
607 2
7 6
13 4
5 7
5 6
29 4
211 2
647 2
181 3
5 6
79 2
13 4
41 3
7 6
5 7
97 2
5 9
227 2
61 3
5659 3
5 6
5 7
7 6
5 7
13 3
11 4
23 3
5 8
7 5
5 6
1171 2
5 7
983 2
67 3
47 3
5 6
5 8
11 4
83 3
11 7
5 6
23 5
5 7
251 2
5 6
83 2
5 7
59 3
307 2
7 5
7 5
97 3
151 2
463 2
5 7
5 6
5 7
13 4
101 3
5 6
11 4
5 8
97 2
5 6
29 3
199 2
853 2
7 5
109 2
61 4
5 6
5 6
5 8
5 7
7 7
197 4
163 2
181 4
23 4
19 3
13 3
7 7
197 2
5 6
5 7
2309 2
5 6
1663 2
5 9
151 2
139 3
89 4
5 6
19 5
7 5
5 6
223 2
353 2
5 9
379 2
13 4
7 6
5 6
13 4
5 7
263 3
7 5
5 7
5 6
5 8
59 3
7 5
5 7
7 6
5 7
5 6
5 6
433 2
7 6
7 6
613 2
653 2
31 4
5 7
5 7
13 3
5 8
11 4
5 6
1669 2
5 6
5 7
11 4
2861 3
257 2
23 3
5 7
19 3
7 6
5 9
73 2
47 3
47 4
229 2
41 3
7 6
7 6
7 5
97 2
5 8
13 5
7 6
7 6
11 5
13 6
5 8
7 6
17 4
17 3
23 4
5 7
97 2
17 4
19 6
7 4
19 5
263 2
5 7
5 7
43 3
17 3
23 3
5 6
5 7
149 3
5 7
5 7
17 4
5 7
113 2
7 4
5 7
73 3
13 6
43 3
13 4
193 2
5743 3
103 2
11 5
7 5
7 5
7 5
929 2
13 4
41 3
11 5
127 2
11 4
13 4
5 7
31 4
569 2
5 8
13 4
2333 2
5 6
13 5
17 3
5 7
5 6
73 4
5 6
103 3
5 9
71 2
7 5
557 2
5 7
5 7
5 7
5 6
61 4
7 7
13 4
13 4
43 3
11 4
5 7
5 7
11 5
5 7
43 3
661 3
5 8
7 4
523 2
5 8
7 6
19 5
5 6
5 6
5 6
5 8
5 7
11 4
571 2
383 2
7 5
5 6
1193 2
7 5
11 4
461 2
5 6
101 2
7 7
5 8
7 6
11 5
5 7
5 6
37 3
5 7
149 2
7 5
5 6
19 5
7 5
5 6
5 8
5 7
19 3
661 2
5 6
11 4
23 3
257 2
29 3
7 5
7 5
17 4
31 4
5 6
5 7
41 3
311 2
7 6
5 7
193 3
7 5
7 6
83 2
3889 2
199 2
2351 2
7 5
13 4
733 3
5 7
13 3
1097 2
5 6
439 2
5 6
19 4
109 3
347 2
11 4
31 3
5 6
19 4
313 2
269 2
23 3
131 3
7 5
17 4
13 4
17 6
5 6
23 3
43 4
71 2
5 7
5 6
43 4
167 3
373 3
5 7
13 4
7 5
5 6
7 6
13 3
11 4
7 5
13 5
1973 2
1699 2
43 3
5 7
151 3
359 2
1009 2
5 8
103 3
11 4
7 6
5 6
5 7
13 4
19 6
131 2
19 5
11 4
5 6
5 8
7 5
47 3
5 8
5 7
103 3
5 7
5 7
5 6
31 3
5 6
7 4
5 7
7 7
43 3
7 5
5 8
5 6
7 5
43 4
29 3
5 7
251 2
13 4
47 3
5 7
3919 2
151 2
17 4
5 7
17 4
5 7
7 5
5 6
11 4
1013 2
349 2
739 3
13 3
5 6
5 7
23 3
7 5
13 3
7 5
13 3
251 2
61 2
5 8
7 5
7 6
743 3
1709 2
11 4
7 5
13 4
5 8
499 2
5 6
5 7
23 4
5 7
13 4
5 7
5 9
113 2
17 4
5 6
103 2
11 4
13 3
5 7
7 6
5 6
59 3
7 5
1109 2
7 5
5 7
103 2
17 4
5 7
5869 3
7 5
17 4
5 7
5 6
5 6
2381 2
5 7
19 3
7 6
5 8
1213 2
5 6
11 4
61 3
7 6
5 6
5 7
5 7
5 6
661 3
5 8
271 3
7 6
7 5
1019 2
5 6
13 4
13 4
103 3
389 2
13 4
5 7
5 7
5 8
5 7
5 7
17 3
5 6
7 8
101 2
631 2
293 2
5 6
5 8
107 3
7 4
883 2
743 2
73 3
5 8
17 3
5 7
167 2
11 4
7 6
5 7
7 6
5 9
53 3
5 8
5 6
673 2
17 5
7 6
229 2
7 5
5 6
7 5
13 4
17 4
5 6
263 2
157 2
19 4
13 4
7 6
23 3
2957 3
5 6
7 6
5 7
23 3
7 6
7 7
5 7
67 3
191 2
3967 2
467 2
89 4
179 2
5 7
13 4
5 7
71 3
17 3
5 7
43 3
401 2
11 4
5 6
13 5
47 3
5 6
37 3
13 4
29 3
17 4
5 6
7 5
1223 2
5 6
7 5
1487 3
7 5
5 6
5 7
7 5
367 2
311 2
5 7
43 3
317 2
29 3
7 5
17 3
13 4
17 5
61 4
5 8
13 3
31 4
13 3
73 3
7 5
5 8
11 4
5 6
13 4
43 4
89 2
5 9
5 7
5 7
17 3
13 5
5 7
5 7
5 9
5 6
7 6
7 6
5 7
5 7
13 5
2411 2
5 6
23 3
73 2
11 4
5 6
11 4
5 6
11 7
5 9
163 2
5 7
37 5
13 3
73 3
1229 2
7 5
5 6
449 2
7 6
5 7
59 3
13 4
5 7
5 7
5 6
19 4
29 3
5 6
13 5
2417 2
7 5
5 8
23 4
7 6
5 6
5 7
1033 2
1741 2
47 3
19 3
197 3
5 7
23 3
271 2
73 2
5 7
7 5
19 4
83 2
7 6
5 9
7 4
281 2
1499 3
7 5
23 4
7 5
7 5
19 3
2423 2
53 3
7 8
197 2
5 6
197 2
7 5
2027 2
11 5
5 7
19 3
193 2
17 5
13 4
31 4
37 3
19 3
11 4
11 4
23 3
89 2
7 5
7 5
211 2
13 7
7 6
131 4
5 7
31 3
5 8
7 6
7 5
967 2
7 5
5 9
5 7
13 3
5 6
53 3
23 4
7 5
5 6
5 7
5 7
19 6
43 3
487 2
7 5
5 7
1039 2
7 6
7 5
4027 2
13 3
5 10
5 7
7 5
23 3
181 3
13 5
5 7
29 4
5 6
7 5
5 7
643 2
37 4
107 3
5 7
157 2
107 2
13 4
37 6
17 3
73 4
5 6
5 6
5 6
281 2
2039 2
277 3
47 3
11 4
5 7
5 6
13 3
193 4
11 4
79 4
19 4
7 5
5 6
7 6
139 2
7 6
7 6
11 5
73 2
47 3
109 4
11 4
29 4
293 2
233 3
5 6
5 7
7 6
5 7
5 7
109 3
5 6
53 3
71 3
167 2
13 4
5 7
5 6
5 6
239 2
29 3
7 5
61 3
5 7
11 4
4051 2
13 3
3023 3
269 2
13 4
73 3
127 2
373 2
5 7
5 6
79 3
5 6
157 2
193 2
761 2
5 6
5 7
5 6
4057 2
31 4
7 5
19 3
181 4
43 4
31 4
7 5
7 5
17 4
5 8
59 3
5 6
5 6
7 7
547 2
5 9
5 10
5 6
7 6
977 2
11 4
5 8
199 2
37 4
907 2
359 2
5 6
29 3
7 5
137 2
5 7
17 3
89 2
7 5
83 4
5 7
7 5
5 6
13 3
347 3
7 5
29 3
71 2
5 7
5 7
7 4
17 3
5 6
7 6
5 8
1051 2
11 4
7 5
23 3
5 6
3041 3
7 6
109 4
5 6
313 3
193 2
11 5
5 6
5 7
13 3
7 6
479 2
17 3
5 6
283 2
59 3
7 6
5 7
7 5
193 3
7 7
13 5
5 7
5 6
317 2
7 4
7 5
41 3
131 2
31 4
6091 3
13 3
199 3
67 3
5 7
773 3
5 8
5 7
5 7
11 4
79 3
199 2
7 4
5 7
5 7
5 7
241 2
73 2
5 8
5 8
131 3
29 3
5 7
5 8
19 3
73 2
7 6
1259 2
31 3
17 4
5 6
2069 2
7 5
5 8
13 3
7 6
5 7
83 2
103 4
11 5
5 6
5 7
2477 2
19 3
1783 2
5 7
19 3
61 3
7 5
17 3
7 5
7 5
317 2
5 8
5 7
13 5
5 7
5 6
5 6
7 5
5 7
7 5
13 5
5 7
5 6
13 4
13 5
19 4
17 4
23 3
5 7
31 4
7 5
11 5
31 4
227 2
4111 2
19 3
7 5
17 3
13 5
5 7
211 2
13 4
6133 3
1061 2
1789 2
5 7
19 3
191 2
5 7
5 6
7 6
17 3
103 4
277 2
13 5
71 2
17 4
5 8
109 2
11 4
5 6
17 3
5 7
11 5
13 5
5 6
619 5
1063 2
5 6
5 6
5 6
11 5
5 6
23 3
5 6
79 3
13 5
11 5
5 8
7 5
139 3
5 7
19 3
83 5
47 4
229 3
5 7
11 4
4129 2
5 6
73 3
7 5
37 3
7 7
7 5
353 2
3083 3
7 5
37 3
13 4
5 7
11 5
1163 2
5 7
17 4
7 5
43 3
13 5
701 2
5 6
19 4
5 7
29 4
19 3
17 3
19 4
71 4
41 3
7 5
11 4
5 6
5 7
463 2
43 4
5 9
11 5
5 7
7 4
1801 2
11 4
19 3
7 7
257 2
43 3
5 7
7 5
11 4
199 2
5 8
5 8
5 6
47 3
13 5
131 2
43 4
7 5
7 5
7 6
467 3
47 3
5 7
19 4
5 8
5 7
5 7
661 2
5 6
79 2
5 9
7 5
37 4
5 7
17 5
5 6
5 7
79 2
5 6
5 6
19 5
5 6
5 6
7 6
5 7
241 2
7 5
7 5
31 3
109 3
31 3
331 2
5 8
7 5
5 7
11 4
5 6
1279 2
263 2
5 7
67 3
11 4
67 2
5 6
5 7
23 4
13 5
5 7
7 5
229 2
5 6
5 7
53 5
7 5
5 9
7 5
31 3
11 4
5 8
13 4
5 6
5 8
5 6
53 3
83 2
5 9
5 7
5 6
19 5
109 2
271 2
13 6
5 7
31 3
13 4
13 4
13 5
5 6
19 3
17 3
29 4
59 3
5 7
13 4
4177 2
5 7
13 5
23 3
7 6
17 4
5 6
7 6
5 7
5 6
5 6
5 7
7 6
13 5
467 2
13 3
5 8
5 7
11 5
5 8
31 6
47 4
7 6
5 6
5 6
7 6
599 2
5 6
5 7
5 7
5 8
11 4
5 7
5 7
7 7
43 3
7 5
7 6
5 6
5 6
5 7
5 7
7 6
5 6
5 7
11 4
5 6
103 2
7 5
331 2
5 6
5 7
409 2
5 6
11 6
13 4
5 8
67 2
5 6
5 8
13 6
421 2
7 8
7 5
83 3
7 5
5 7
13 4
7 6
11 5
11 6
271 2
5 6
1291 2
191 4
5 6
5 6
23 4
5 7
5 6
11 5
5 7
13 4
7 4
29 3
5 6
6271 3
61 4
73 3
5 6
11 5
151 2
13 4
11 4
5 7
13 4
5 7
7 6
2543 2
19 3
7 6
617 2
7 5
359 2
11 4
5 8
1831 2
7 5
11 4
5 6
79 4
7 4
5 6
5 7
19 5
293 2
269 2
2129 2
47 3
23 4
7 5
5 7
19 5
5 6
5 7
5 8
5 7
5 6
7 6
101 2
5 8
5 8
19 4
151 3
5 6
19 3
5 7
61 3
83 2
7 5
5 7
83 2
29 3
7 6
5 6
619 2
5 7
199 3
7 6
5 7
5 6
11 4
11 5
37 3
41 3
13 4
179 2
5 7
7 6
179 2
11 5
5 7
19 4
5 6
5 6
37 3
709 3
23 3
13 4
19 3
383 2
1091 2
139 4
1301 2
7 5
13 4
7 5
13 5
5 6
23 3
7 5
29 3
7 5
7 4
7 5
7 7
13 6
199 2
17 4
5 6
5 8
5 7
13 4
7 5
5 8
1093 2
13 5
5 6
101 2
5 6
5 6
11 4
7 5
19 3
7 6
53 3
1019 2
5 8
151 2
7 5
5 6
5 6
281 2
17 5
61 3
7 5
5 10
7 7
13 4
67 2
31 3
197 2
17 3
7 6
7 7
97 2
13 4
5 8
5 7
67 3
5 7
5 6
17 4
7 4
5 7
13 6
43 4
17 3
17 5
163 2
7 5
13 5
5 8
11 4
7 5
13 5
61 3
7 5
5 7
19 4
5 7
5 8
13 4
7 5
5 8
5 6
5 7
13 6
5 7
11 5
5 7
2153 2
29 3
7 5
41 3
7 6
5 7
5 6
73 3
5 7
71 4
19 3
7 6
5 6
19 4
5 6
13 5
5 6
2579 2
13 3
13 5
17 4
7 5
19 3
5 7
73 3
7 6
7 5
7 4
5 7
263 2
5 8
5 6
5 6
5 6
7 5
3191 3
5 6
11 4
5 6
5 6
61 3
5 6
19 3
5 8
17 6
5 7
5 7
37 4
151 2
41 3
13 4
31 4
5 6
503 2
1103 2
13 5
11 6
11 4
7 6
353 2
5 7
5 8
71 2
5 7
337 2
101 4
109 2
37 5
5 7
167 3
41 4
5 6
7 4
5 7
7 5
163 2
5 7
2591 2
7 5
13 4
409 3
11 5
11 4
5 7
5 7
19 5
43 3
103 2
541 2
5 7
5 7
7 5
1319 2
5 6
173 2
11 4
7 6
5 6
11 4
4297 2
7 5
1031 2
13 4
103 3
11 4
7 7
107 2
67 3
5 7
727 2
5 7
5 6
1321 2
5 7
5 6
47 3
5 9
7 5
503 2
293 2
5 6
5 8
13 3
7 5
7 5
5 6
5 6
17 3
5 9
5 7
823 3
5 7
113 2
5 7
5 8
5 7
229 2
13 4
11 4
1873 2
13 3
13 6
73 4
1613 3
31 5
7 7
277 2
73 2
5 6
263 2
5 7
43 4
13 4
5 6
5 7
389 2
97 2
7 5
5 7
5 7
13 4
419 2
5 6
73 3
5 9
7 6
5 6
31 3
13 5
29 3
127 2
5 8
5 6
11 4
7 4
191 3
113 3
5 6
11 5
5 6
13 4
5 6
7 6
5 6
7 6
7 5
19 3
5 6
113 3
4327 2
11 4
809 2
7 4
307 2
5 7
13 4
17 4
23 3
13 3
277 2
7 5
103 2
5 6
1217 2
47 3
1039 2
47 4
11 4
433 2
13 4
11 5
47 4
5 7
7 5
7 5
11 5
7 5
5 8
89 2
13 4
13 4
7 8
5 6
7 5
5 9
89 2
829 3
7 5
5 6
727 3
29 3
193 3
5 8
11 5
5 6
421 2
5 7
5 7
5 7
11 5
13 4
149 3
43 3
5 6
5 6
13 4
5 7
103 2
7 5
7 5
5 6
1889 2
11 4
7 5
23 3
523 2
19 4
17 3
5 7
139 4
7 7
13 4
691 2
5 8
5 7
5 6
5 7
5 7
11 4
11 4
11 4
7 5
5 6
11 4
5 7
13 6
29 3
5 7
13 4
43 4
5 6
11 5
5 7
7 5
5 10
5 6
509 2
2633 2
13 5
5 9
17 5
7 5
5 8
5 6
5 6
17 5
67 3
7 5
5 7
5 7
23 3
17 4
5 6
13 4
19 4
13 5
5 6
107 2
7 5
5 7
7 5
13 5
241 3
107 4
83 2
5 6
199 2
19 3
83 2
5 9
5 7
89 3
5 7
5 8
37 3
17 4
61 3
13 3
13 5
7 8
317 2
67 5
13 4
5 6
827 3
79 2
11 4
5 6
13 5
5 9
7 5
359 2
13 4
11 4
7 5
7 5
19 4
5 7
5 6
29 4
113 3
13 4
139 4
7 5
5 7
7 5
5 6
5 7
5 8
5 7
5 8
7 5
211 2
5 6
5 9
7 7
1129 2
5 10
641 2
41 4
281 2
7 7
43 3
487 2
19 4
5 7
7 6
19 3
71 2
5 7
83 3
7 6
31 4
5 6
181 3
101 3
5 6
5 7
223 2
11 4
5 6
5 8
13 4
7 6
5 6
821 2
5 7
5 7
11 4
5 7
11 5
5 7
7 5
31 4
37 3
7 5
11 5
2657 2
7 5
5 7
229 3
47 4
5 6
5 6
5 7
5 8
829 3
13 4
31 5
1913 2
23 3
11 5
5 6
5 7
5 8
6571 3
5 7
13 5
11 5
13 4
181 2
13 4
7 5
101 4
5 7
5 6
199 2
5 6
7 6
7 6
11 5
107 4
19 4
5 7
61 2
5 8
11 5
5 6
7 5
5 8
5 7
5 7
5 6
13 4
5 6
11 4
17 3
41 3
19 3
11 5
5 7
5 7
5 7
5 6
5 8
101 3
5 6
7 5
17 3
5 7
7 5
5 7
7 6
31 4
7 5
5 7
17 6
19 4
11 4
317 2
103 2
7 6
5 6
7 5
281 4
71 4
5 7
5 7
293 2
5 6
37 4
1061 2
5 7
107 3
19 3
13 5
103 4
19 4
11 4
7 6
647 2
17 3
13 4
31 4
79 2
7 6
7 5
5 8
5 7
5 10
5 7
13 5
1361 2
227 4
7 5
281 2
103 3
89 2
5 8
19 4
19 5
7 5
67 2
23 3
13 3
17 3
19 4
19 3
73 3
7 5
181 2
17 3
23 4
7 5
107 3
19 4
13 6
7 5
11 4
11 6
2243 2
17 4
5 7
167 2
5 7
1931 2
5 6
5 6
443 2
4447 2
37 4
11 5
5 6
5 7
5 7
5 6
13 4
2687 2
7 6
5 8
31 3
13 4
7 5
3323 3
19 4
5 6
5 6
5 8
19 4
13 4
23 3
13 5
5 6
7 5
5 7
521 2
5 8
5 7
5 7
5 7
991 2
59 3
5 6
23 3
17 3
19 4
11 5
23 4
13 4
89 4
5 8
5 8
5 8
5 7
5 6
1069 2
5 7
5 6
5 7
5 8
5 8
17 3
5 7
7 5
7 5
431 2
5 6
13 4
5 6
29 3
7 5
269 2
67 3
5 8
5 7
5 7
5 7
2699 2
7 5
5 7
29 3
19 4
13 3
5 7
7 5
5 8
13 4
41 3
233 3
13 4
1151 2
7 6
13 3
13 3
7 5
13 5
5 6
73 3
7 7
7 7
7 6
5 7
89 2
11 5
5 7
19 5
5 8
17 3
43 3
23 4
5 7
5 9
5 7
5 8
5 6
7 5
7 5
5 8
7 5
3347 3
5 6
751 3
13 3
5 7
997 2
1259 2
11 4
109 3
79 3
5 9
157 2
1949 2
139 2
5 6
7 5
5 9
23 4
2711 2
5 6
5 6
5 7
47 3
11 4
5 7
5 7
41 3
5 8
5 6
241 2
6703 3
601 2
5 6
5 6
5 7
5 7
389 2
23 4
157 2
5 6
7 4
83 3
839 2
5 6
5 7
7 5
197 3
11 4
43 3
5 6
59 4
13 6
7 6
7 5
11 4
83 2
5 7
7 5
109 2
19 4
13 5
7 5
7 6
61 3
7 5
13 5
13 4
13 4
7 5
17 5
5 7
37 3
13 4
197 2
97 3
5 6
31 4
409 2
7 6
5 6
13 5
5 7
13 4
5 7
5 7
11 4
499 2
13 4
227 2
5 7
11 4
7 5
5 7
11 4
97 2
137 2
5 6
13 4
5 7
13 5
5 8
29 4
7 5
7 4
5 8
13 3
4519 2
5 7
2729 2
5 6
47 3
5 7
151 3
83 3
5 8
5 6
13 4
5 7
43 3
101 2
31 6
7 7
11 4
5 7
23 3
7 6
23 4
13 3
5 9
29 4
47 3
13 3
223 3
19 4
5 8
17 5
29 4
7 6
5 6
5 8
11 5
353 2
5 7
383 2
5 6
157 2
271 2
5 7
103 2
661 2
6763 3
5 7
5 6
5 6
5 6
857 3
269 2
11 5
97 3
19 4
7 6
17 4
5 7
13 3
5 7
43 4
5 7
11 4
5 6
13 4
1087 2
5 6
139 2
5 6
7 5
607 2
79 4
7 5
113 2
179 2
1973 2
29 4
7 5
5 7
5 7
5 7
6781 3
79 2
7 6
7 5
109 3
149 2
281 2
97 2
89 3
7 5
5 8
7 6
13 4
5 6
17 4
5 8
7 5
5 7
1277 2
11 4
5 7
5 7
13 3
571 2
13 3
1171 2
5 8
31 4
233 4
7 4
5 7
5 6
7 6
5 8
11 4
5 7
5 6
5 6
5 6
5 8
5 6
11 4
2753 2
83 2
7 6
19 3
4561 2
7 5
11 4
7 5
19 4
31 3
229 2
5 7
5 7
5 6
439 2
41 3
547 2
5 7
5 7
11 4
83 2
5 8
5 9
7 5
269 2
199 2
11 5
41 3
11 4
41 3
5 7
5 6
11 5
17 5
5 7
7 4
11 4
197 4
11 4
43 4
31 3
7 5
1283 2
13 3
5 8
5 7
5 6
163 2
5 8
2309 2
113 3
103 2
17 3
17 4
6829 3
139 3
31 3
5 7
43 3
7 5
13 4
5 6
11 4
7 6
11 4
61 3
5 7
13 4
5 7
7 5
5 6
11 4
1097 2
263 3
41 3
17 3
5 7
17 4
5 7
59 3
7 6
7 5
23 4
7 5
19 5
5 6
23 3
37 4
5 6
7 5
5 7
613 2
1993 2
43 6
17 3
727 2
773 2
13 3
11 5
113 2
61 3
239 3
11 4
5 6
7 7
1409 2
11 4
5 6
5 6
23 3
11 4
5 6
13 4
1021 2
13 6
73 2
5 7
103 4
11 5
7 6
7 5
7 6
19 5
7 6
73 2
5 7
7 8
13 5
37 3
19 3
137 2
5 6
17 6
5 8
11 4
7 5
5 7
5 6
7 5
5 7
5 7
5 6
5 7
211 2
37 4
19 5
113 3
5 6
13 5
11 5
5 6
17 3
61 3
5 7
5 6
67 2
5 7
5 7
101 5
13 4
5 6
11 4
5 6
7 4
13 4
5 7
13 4
7 6
509 2
13 4
41 3
13 4
151 3
7 7
5 7
7 5
5 7
47 4
11 5
11 4
2789 2
41 3
5 7
13 5
4621 2
7 5
19 4
5 7
5 7
13 3
181 2
239 2
5 7
2333 2
7 6
5 6
191 2
5 7
5 8
5 6
7 5
29 4
5 7
883 3
7 5
71 2
5 6
7 5
41 5
7 6
19 4
5 7
79 3
7 5
11 5
5 6
19 5
13 4
7 5
5 6
17 4
211 2
863 2
11 5
5 6
7 6
5 7
11 4
1109 2
7 4
5 6
5 7
7 5
43 3
5 8
5 6
5 8
29 3
5 7
5 6
23 4
11 4
47 4
5 7
11 4
1423 2
5 7
1193 2
43 4
11 4
353 2
7 5
5 7
101 2
5 7
13 4
19 4
7 6
659 2
5 7
131 2
5 7
23 3
11 4
5 8
7 5
5 8
13 3
5 7
13 5
5 8
5 8
23 3
13 4
23 3
7 5
19 6
11 4
271 2
5 7
127 2
5 6
7 5
7 5
11 4
5 6
7 4
13 5
13 4
41 3
5 6
241 3
11 5
19 3
6949 3
7 5
5 6
5 7
5 11
5 10
13 4
2351 2
7 6
5 7
131 2
5 8
5 6
13 3
7 6
19 4
13 3
881 3
13 4
19 4
43 5
5 9
23 5
19 4
6961 3
5 6
11 5
7 5
7 5
13 4
5 6
131 3
29 4
5 8
11 4
109 3
5 7
5 6
1117 2
131 4
5 6
5 7
17 4
5 6
7 7
5 7
7 5
463 2
7 8
13 4
2029 2
5 6
7 6
5 6
7 7
11 4
13 4
7 5
5 8
71 3
13 4
43 3
5 8
5 9
5 6
157 2
17 4
5 8
787 2
7 5
13 5
37 3
5 8
5 7
11 5
7 6
19 3
5 7
7 5
11 4
13 4
13 4
13 4
11 5
7 5
5 8
67 3
53 3
7 6
367 2
5 6
5 6
53 3
7 5
11 5
179 3
5 7
7 7
103 3
19 4
13 4
5 7
31 3
7 5
19 5
17 4
23 3
31 3
5 8
13 4
23 3
5 6
5 8
5 7
281 2
17 4
101 2
5 7
7 6
307 2
2039 2
5 6
61 3
5 9
19 3
7 5
2837 2
13 3
19 4
5 7
11 6
73 4
13 4
13 3
5 7
7 7
5 6
5 7
67 4
5 8
7 7
5 6
11 4
11 4
5 6
11 4
31 4
233 2
97 2
7 5
61 4
5 6
11 5
7 5
5 6
13 3
2843 2
5 7
23 3
5 6
11 5
5 7
31 4
103 2
17 4
41 3
23 3
5 8
5 6
5 6
5 7
5 6
13 4
19 4
5 8
5 7
19 3
13 3
73 4
11 4
7 5
7 5
5 8
5 6
5 6
83 3
13 4
2381 2
23 3
5 7
271 2
47 3
5 9
1213 2
61 3
5 10
23 3
7 5
5 7
5 6
43 4
5 6
5 7
7 6
97 2
5 8
13 5
5 7
61 4
11 5
13 4
5 6
11 5
13 4
4729 2
7 5
29 3
13 4
2053 2
5 8
89 2
67 2
3533 3
5 7
199 3
67 3
359 2
73 3
7 7
631 2
7 5
1451 2
19 3
7 5
881 2
7 4
5 8
7 5
103 3
5 7
7 5
17 3
43 3
5 7
23 4
5 6
5 6
5 7
5 9
7 6
7 6
73 3
7 5
5 6
5 8
7 6
7 5
7 6
797 2
7 5
5 7
29 3
19 3
367 2
11 4
5 6
163 2
7 5
7 6
5 8
5 7
7 6
7 6
5 7
7 7
31 4
13 4
5 7
313 2
5 7
11 4
7 5
293 2
67 3
7 6
5 6
107 2
691 2
5 6
179 2
7 6
7 5
5 6
131 2
5 8
17 3
7 5
7 8
23 3
19 4
5 7
5 6
83 2
29 3
4759 2
5 8
43 3
13 4
523 2
43 3
17 4
11 4
7 5
1223 2
11 4
5 6
7 4
67 3
5 7
5 6
97 3
7 8
7 5
7 6
5 7
5 7
17 4
251 2
43 5
19 4
2069 2
17 3
19 3
41 3
5 6
17 4
17 3
13 3
17 5
5 6
11 5
13 4
19 4
5 8
5 7
13 4
5 6
7 5
113 5
89 2
5 7
13 4
7 5
11 4
11 4
13 5
5 7
109 3
11 4
17 4
7 5
7 6
31 3
103 4
5 6
5 8
5 9
2411 2
53 3
7 5
5 6
151 4
5 6
5 6
409 2
5 7
7 6
11 5
677 2
163 2
11 4
139 2
7 5
601 4
83 3
1229 2
5 6
11 4
7 5
191 2
19 5
5 7
5 10
11 4
4789 2
7 6
73 3
5 6
5 6
7 7
149 2
5 6
7 6
2417 2
23 3
7 5
7 5
1063 2
13 4
5 6
7 5
5 7
19 3
5 6
2081 2
19 3
5 6
19 3
7 5
61 3
7 5
73 2
7 6
5 7
13 3
11 4
2897 2
7 6
13 5
109 2
5 7
1471 2
11 4
7 5
211 3
79 3
13 4
461 3
5 6
2423 2
7 5
73 2
7 5
5 9
19 4
197 2
19 5
7 5
13 4
5 6
5 6
19 3
19 5
71 3
7 5
29 3
11 4
37 3
277 2
71 4
13 4
227 2
11 5
89 2
13 6
5 8
239 2
5 6
13 6
7 6
5 6
5 8
5 6
5 8
13 4
7 6
41 3
7 4
109 2
211 2
1151 2
5 7
29 4
7 5
5 7
11 4
17 3
7 5
7 5
5 7
37 4
5 6
7 5
43 3
7 6
11 6
11 4
173 2
5 6
7 6
5 7
17 3
7 6
7 5
359 2
5 7
83 2
701 2
11 5
19 4
19 4
5 7
59 4
17 5
11 4
59 3
5 6
643 2
5 7
23 3
4831 2
5 8
5 7
107 2
811 2
103 2
11 4
251 3
7213 3
5 6
7 7
1481 2
5 6
5 7
461 2
277 3
149 3
13 4
13 6
373 2
7 4
13 3
5 8
37 3
109 4
11 4
5 6
7 5
19 4
13 5
823 3
29 3
11 5
7 6
73 3
7 6
5 6
113 2
13 5
11 4
5 7
5 6
5 6
5 7
5 9
5 7
313 3
7 6
277 2
83 4
389 2
5 6
13 6
97 2
11 4
53 3
2927 2
5 7
43 4
5 9
31 3
5 6
23 5
7 5
5 6
23 4
5 6
7 5
11 5
13 3
5 7
7 4
5 9
5 7
281 2
127 2
113 2
193 2
5 7
7 6
5 7
5 6
11 5
7 7
11 5
5 6
13 5
5 7
5 6
463 3
11 4
1489 2
563 2
19 3
5 6
31 5
241 2
19 3
11 4
7 5
5 7
229 2
5 7
607 2
2111 2
5 6
103 3
5 7
67 3
467 3
7 8
5 6
17 4
13 5
547 3
5 10
7 5
199 2
5 6
13 4
11 5
83 2
7 6
29 3
7 7
5 6
13 4
7 5
11 4
89 2
11 4
1493 2
5 7
31 3
5 7
5 6
61 4
11 5
829 3
13 4
5 8
71 2
5 8
227 2
5 7
7 6
5 6
5 6
307 2
139 3
7 5
41 3
1367 2
7 5
5 7
5 7
43 3
5 6
13 6
109 4
5 6
13 5
5 7
709 2
13 5
5 6
11 5
41 3
59 3
5 8
13 5
17 3
7 6
19 3
5 7
439 2
7 5
5 7
7 6
317 2
7 5
5 6
5 9
5 7
5 8
5 7
31 3
13 4
5 7
41 3
107 3
5 6
5 7
7 6
5 6
199 3
109 2
61 3
17 4
271 2
7 5
5 7
7 5
7 5
97 3
239 3
2957 2
7 4
19 3
19 3
17 5
5 7
19 4
73 2
83 3
109 4
5 6
5 7
1373 2
5 7
1171 2
7 5
11 5
5 6
911 2
1259 2
5 7
5 8
5 6
137 2
2129 2
7 5
823 2
43 3
4909 2
19 4
5 6
83 2
5 9
5 7
11 4
19 3
241 3
2477 2
2131 2
19 5
5 7
211 2
7333 3
61 3
5 8
79 2
7 6
131 2
5 7
317 2
5 8
17 4
103 2
613 2
5 7
5 6
79 2
151 4
13 5
569 2
5 6
13 5
283 2
5 6
13 5
5 7
13 4
19 4
7 5
13 5
29 3
7 5
3677 3
7 5
37 3
47 3
5 7
83 4
5 6
19 3
17 5
13 5
5 7
251 2
109 4
211 2
5 8
181 2
5 7
5 6
13 5
5 7
61 4
257 2
281 2
5 7
5 7
7 6
239 3
67 3
5 6
1093 2
827 2
71 2
5 8
5 6
5 6
43 3
2141 2
5 6
337 3
23 4
5 6
5 8
17 5
5 6
337 2
11 6
19 4
17 4
7 5
5 6
5 7
13 7
73 3
5 8
5 7
79 3
5 8
7 5
7 5
7 5
5 8
139 3
37 3
5 6
5 7
487 2
5 8
229 3
5 6
23 3
19 4
311 2
5 6
73 3
5 7
7 5
31 5
229 2
23 3
353 2
7 7
5 7
89 2
13 4
5 8
5 7
13 5
157 2
7 5
211 2
11 5
7 5
17 3
11 4
5 7
7 5
3701 3
19 4
5 6
5 7
4957 2
241 2
79 4
19 4
17 5
5 6
101 2
11 5
5 7
5 6
5 8
127 2
5 7
13 4
23 4
11 5
73 3
7 5
19 3
5 8
2153 2
19 3
5 8
7 6
7 5
5 8
7 6
7 5
5 7
5 7
5 6
11 5
701 2
5 6
113 4
127 2
4969 2
619 2
17 3
7 5
19 4
103 3
5 8
13 3
5 6
5 7
37 3
37 3
5 6
5 7
5 6
661 2
31 3
1523 2
7 6
5 6
47 3
37 4
19 4
131 3
17 4
307 2
5 6
79 2
7 7
5 7
11 4
167 2
7 5
5 6
5 8
5 7
7 7
71 3
7 8
7 5
11 5
127 4
109 2
941 3
11 4
5 8
23 3
5 7
7 5
5 7
11 6
1279 2
79 3
7 5
23 3
43 3
5 7
67 2
47 5
19 3
5 8
7 5
3011 2
5 7
5 6
13 3
181 2
787 2
7 6
53 5
5 7
19 3
7 5
13 4
5 9
11 4
41 3
5 7
5 7
5 6
281 2
5 6
5 7
7 6
5 6
19 4
7459 3
5 6
5 7
7 5
101 2
7 5
17 4
5 7
11 5
7 6
5 7
1531 2
7 7
5 6
47 3
5 7
7 5
23 3
11 6
5 7
29 3
19 3
7 5
31 3
5 7
23 3
7 5
7 5
7 6
7 7
929 2
5 7
5 7
5 6
5 7
7 6
5 6
13 5
5 8
7 6
5011 2
419 2
5 6
11 5
5 7
5 6
7 5
7 6
5 6
5 6
79 3
13 5
5 6
7 6
281 2
5 7
47 3
13 4
11 4
7 5
7489 3
5 7
23 3
5 8
7 5
5 6
11 4
5 6
5 7
5 8
7 5
83 2
5 8
5 6
31 4
5 7
5 7
5 8
7 6
7 5
2179 2
23 3
13 4
191 3
5 7
5 6
5 6
13 4
13 4
19 4
13 5
5 6
5 7
7 5
17 3
11 4
19 4
7 5
13 6
5 7
5 8
7 5
317 2
7 6
37 4
11 4
89 2
223 2
13 4
1291 2
1201 2
13 4
17 3
23 3
13 4
5 7
5 9
5 6
17 4
5 7
7 5
7 4
47 3
5 7
7 5
5 6
3041 2
73 3
7 6
5 6
73 4
5 6
5 7
11 4
7 5
5 7
5 7
13 5
5 7
2543 2
13 5
61 3
7 5
5 6
7 5
359 2
7 6
7 5
19 4
11 4
19 4
11 4
11 4
13 4
37 3
7 7
5 6
5 7
163 3
5 8
601 2
17 3
5 6
47 3
19 5
7 5
5 6
5 6
443 2
5 6
5 6
97 2
5 6
163 2
7 5
7 6
13 5
7 5
11 4
11 5
5 6
151 3
13 4
5 7
5059 2
317 2
17 4
83 2
5 6
7 6
251 3
5 7
5 8
7 6
5 8
23 4
61 3
19 4
17 5
7 6
83 4
17 3
7 5
5 7
7561 3
37 3
241 3
5 7
5 6
107 2
5 7
7 6
23 6
71 2
5 6
5 7
5 7
5 6
11 5
7 6
7 6
5 6
7 5
13 4
13 5
5 6
11 4
5 6
13 5
1301 2
5 6
1553 2
137 2
5 7
7 5
5 6
5 7
13 4
5077 2
7 6
5 7
7 4
431 3
5 7
5 6
257 2
7 4
17 4
2203 2
5 7
5 7
41 3
83 4
7 5
7 5
5 6
5 8
17 3
3797 3
101 2
5 8
5 7
7 5
7 6
7 5
19 3
5 7
19 4
13 3
587 2
5 8
151 2
283 2
5 6
47 5
61 3
5 6
17 5
5 7
5 6
7 5
5 6
11 5
13 4
13 4
37 3
383 2
139 3
587 2
7 6
17 3
5 6
13 4
13 6
1907 3
5 7
167 3
11 4
5 9
5 7
431 2
7 4
61 3
7 6
19 4
7 6
19 4
17 5
107 3
41 4
13 4
7 5
1427 2
11 4
13 4
11 4
5 6
199 2
7 5
5 7
7 6
5 7
607 2
739 2
719 2
7 5
5 7
103 4
13 5
13 6
11 4
5 7
23 3
5 7
5 6
19 4
13 4
7 5
79 3
11 4
149 2
7 5
557 2
73 3
23 4
5 6
5 6
11 4
17 5
5 6
19 4
31 5
7 5
73 2
7 7
2579 2
47 3
31 3
5 7
457 2
17 3
19 3
19 5
5 8
5119 2
179 2
3089 2
7 4
307 2
13 4
5 6
113 2
11 4
5 6
2221 2
11 4
5 6
491 3
11 4
11 4
1279 4
5 6
13 4
5 6
7 7
19 3
5 6
503 2
197 3
397 2
5 8
37 4
7 6
17 3
5 7
7 6
5 6
5 6
5 7
7 6
5 6
239 2
11 4
11 4
5 6
103 4
67 3
5 7
13 6
71 2
5 8
5 6
41 3
1933 3
449 2
37 5
89 2
5 7
241 4
23 4
71 3
7 4
13 5
193 4
577 3
5 8
5 7
2591 2
73 4
7 5
13 3
7 5
347 2
11 4
5 9
5 6
7 5
593 2
13 4
103 2
5 8
5 6
29 3
7 5
17 3
1319 2
13 4
5 8
7 5
5 7
17 5
5 6
11 5
7 5
19 4
5 7
17 4
13 4
7 6
31 6
13 5
5 7
5 6
67 3
331 2
11 4
17 3
5 8
11 4
1321 2
7 6
7 5
5 6
7 5
1229 2
7 5
5 6
29 3
5 7
5 7
17 4
13 3
53 4
7 7
613 2
229 2
17 3
17 3
29 3
7 5
17 4
7 5
863 2
113 2
13 5
11 5
5 7
5 6
5 8
13 4
7 4
139 4
5 6
41 3
29 4
73 4
5 7
7 5
13 4
5 7
5 7
73 2
5 9
5 6
11 5
5 7
3119 2
13 4
5 6
13 6
7 6
5 7
37 4
7 5
11 4
7 6
5 6
31 4
5 6
5 6
5 8
5 6
7 5
5 7
5 8
31 3
353 3
7 6
5 7
643 2
5 7
5 6
229 4
5 7
5 7
5 6
43 4
5 6
37 4
5 7
109 3
7 6
37 3
7 6
5 6
7 7
67 2
283 2
7 5
5 6
7 6
241 2
83 3
7 6
13 5
7 4
13 5
5 7
47 3
7 5
7 6
23 3
5 8
5 8
13 4
5 8
7 6
5 6
61 3
227 2
7 6
5 8
5 7
11 4
23 3
59 3
29 4
19 3
7 7
5 7
61 4
79 2
5 7
13 4
3881 3
5 8
89 3
19 3
5 7
7 6
7 5
5 6
5 6
5 8
19 3
5 6
7 5
7 5
113 3
71 2
883 3
13 4
13 5
5 8
5 8
5 6
23 4
7 5
31 4
5 7
5 7
13 4
23 5
397 2
491 2
43 3
7 5
67 3
5 6
19 4
13 4
103 2
5 9
23 3
5209 2
5 7
19 3
11 4
5 6
5 8
13 4
17 3
13 4
17 3
5 7
5 6
5 6
1153 2
13 5
691 2
5 7
11 4
13 4
5 7
5 7
5 7
5 7
31 3
7 6
13 4
7 5
5 6
79 3
5 7
7 5
137 2
5 7
5 7
19 4
17 3
13 4
181 3
5 9
5 7
19 4
5 6
13 4
5 8
5 7
2633 2
7 6
37 3
13 3
11 4
311 2
5 8
5 8
7 5
5227 2
5 6
5 9
7 5
13 4
5 6
7 6
5 7
7 5
5 6
7 6
5 7
7 5
19 3
5 7
107 2
7 6
7 5
29 5
11 4
5 6
241 3
5 7
1601 2
5 7
5 8
569 2
19 3
11 4
73 3
5 10
757 2
13 4
5 7
11 6
7 5
5 8
5 7
11 5
13 3
5 7
5 7
103 2
7 5
7 5
13 4
1249 2
5 6
5 9
5 6
5 6
5 6
7 7
5 6
5 7
7 6
971 2
13 4
5 6
41 3
5 7
89 4
13 4
5 7
89 2
29 3
5 6
11 4
7 5
139 4
877 2
17 4
19 4
11 4
3923 3
5 7
17 4
5 7
199 2
5 7
5 8
211 2
7 6
17 3
5 6
13 4
5 7
5 10
47 3
163 2
7 6
7 5
13 4
43 3
5 8
269 2
5 6
5 6
19 3
19 3
47 4
5 7
7 5
1609 2
7 8
31 4
2281 2
13 4
5 6
7 7
353 2
5 7
11 5
5 6
7 5
5 7
23 5
13 4
359 3
13 4
5 8
131 2
5 6
5 7
23 3
5 8
7 6
13 4
5 6
7 5
19 5
251 2
7 6
5 7
23 4
2657 2
5 7
7 6
5 7
23 4
11 4
5 6
7 5
1613 2
7 6
73 3
881 2
13 4
5 7
11 4
5 6
337 2
5 8
5 6
313 2
5 7
5 7
5 8
17 3
13 5
113 3
7 5
13 4
5 6
107 4
7 5
17 4
7 5
5 6
11 4
3947 3
5 6
7 6
5 7
13 3
31 4
5 7
19 4
5 6
127 3
37 3
197 2
1979 3
5 6
883 2
7 5
7 5
7 7
5 6
5 6
2293 2
89 5
7 5
19 3
7 6
41 3
5 7
5 7
67 4
7 5
79 5
5 7
5 7
5 6
7 6
17 5
5 7
7 5
7 5
5 6
41 3
7 4
5 7
7 6
5 8
79 3
7 7
5 8
17 3
19 4
5 7
19 5
5 8
1621 2
13 5
5 6
11 5
239 2
7 5
409 2
7 7
5 7
5 6
5 6
7 5
11 4
5 9
5 7
5 7
43 3
13 4
79 2
7 8
19 4
7 5
19 3
7 5
5 8
3203 2
13 4
5 8
7 5
5 7
11 4
5 7
5 8
5 10
109 2
5 7
271 2
13 4
1361 2
7 5
11 4
13 4
5 7
11 4
89 2
13 5
7 5
5 10
11 4
419 2
67 2
13 4
11 4
5 8
19 4
3209 2
19 3
7 5
331 2
631 2
5 6
5 7
23 4
5 8
5 7
5 7
7 5
293 2
7 5
23 4
61 3
5 7
7 5
7 5
5 7
11 5
5 9
5 6
7 8
2309 2
5 6
7 5
5 6
17 3
17 5
5 8
5 6
7 5
521 2
29 3
443 2
5 7
2687 2
2311 2
17 3
29 3
5 6
13 5
7 5
11 5
7 5
113 3
7 6
5 7
5 8
13 4
5 7
5 8
7 6
7 5
5 6
5 7
5 8
5 7
5 7
3221 2
5 7
7 6
5 8
5 8
13 4
23 4
5 6
5 8
23 4
19 4
17 4
1493 2
23 4
5 8
7 5
131 2
29 3
13 5
5 8
7 4
5 6
5347 2
233 2
5 7
5 6
19 4
5 7
19 3
23 3
23 4
5 7
11 4
5 7
43 3
31 4
5 7
13 4
5 7
13 5
17 4
5 6
503 2
67 3
5 7
7 5
7 5
5 7
11 4
2699 2
5 8
23 4
5 7
7 6
7 7
13 3
19 6
11 4
31 3
359 2
19 4
41 3
7 6
5 6
7 7
5 7
5 8
13 3
61 3
109 3
13 4
1021 3
1277 2
73 3
5 6
13 3
7 6
229 2
1499 2
89 2
103 3
5 7
29 3
617 2
5 7
17 3
7 7
31 3
109 3
41 3
19 3
5 7
5 9
59 3
47 4
7 4
7 6
5 8
1279 2
5 7
151 2
241 2
13 6
13 3
5 7
5 7
5 6
5 7
7 5
109 3
73 3
5 7
11 4
5 7
311 2
139 2
5 8
13 5
7 5
5 7
23 3
2711 2
7 5
43 3
191 2
7 6
5 7
11 4
5 8
17 5
19 5
269 2
5 6
5 6
17 4
7 6
367 3
17 4
359 2
5 6
5 7
7 5
7 5
5 6
5 7
157 2
5 8
5 8
5 9
409 2
13 4
5 6
5 7
5 6
5 6
5 6
11 5
43 3
5 7
151 3
73 2
7 5
13 5
7 5
7 5
5 7
73 3
13 3
5 8
109 2
5 7
11 6
19 3
11 5
2339 2
61 3
5 9
13 3
461 3
11 4
3257 2
7 5
677 4
7 5
5 6
5 7
5 8
197 2
83 2
11 6
109 2
7 6
5 7
7 6
7 6
79 2
71 3
7 6
11 6
5 7
5 9
11 5
19 3
5 7
5 7
227 2
47 3
11 4
17 3
5 8
5 7
11 4
43 3
5 7
7 6
13 3
103 2
5 7
37 3
29 3
13 3
43 4
5 8
7 4
19 4
5 7
5 7
7 5
11 4
2729 2
131 3
5 7
11 4
7 7
8089 3
83 3
7 6
7 5
5419 2
5 8
5 8
43 3
7 5
73 4
7 5
83 2
587 2
5 7
7 5
7 5
17 3
13 4
293 2
5 9
47 3
151 2
11 4
7 5
2351 2
19 4
5 6
233 2
7 6
131 2
5 6
5 6
7 5
7 5
643 2
29 4
5 9
383 2
17 5
11 5
5431 2
853 2
5 7
103 2
5 7
43 3
139 2
281 3
7 7
5 6
5 7
5 7
5 7
7 4
5 8
97 3
5 6
11 5
5437 2
13 4
7 5
13 3
13 4
47 4
5 6
23 4
5 6
5 6
907 2
5 6
13 5
1663 2
5 6
5 6
7 5
5 6
113 2
5 8
13 5
113 2
11 4
7 5
5 7
11 5
5 8
5 7
11 4
7 5
5 7
5 6
5 7
7 6
13 5
7 5
5 8
5 7
37 3
97 2
1297 2
5 7
5 7
5 6
293 2
13 4
13 4
5 7
5 6
7 5
5 6
5 7
89 3
5 6
5 8
7 5
19 5
13 3
7 6
19 3
127 3
787 2
7 5
31 4
13 5
257 2
193 2
167 2
5 7
7 6
11 4
23 3
5 6
1669 2
5 7
5 6
11 5
23 4
11 4
5 7
11 4
2753 2
331 2
5 7
19 3
17 4
911 2
7 5
167 3
11 4
5 7
37 4
7 5
229 2
5 7
31 5
13 5
5 7
3299 2
41 3
457 2
347 2
467 3
13 5
5 7
83 2
5 6
67 3
5 7
331 2
7 5
199 2
5 6
17 4
11 5
11 4
5 7
5 7
5 6
13 5
5 6
277 2
5 8
7 4
5 8
5 9
5479 2
5 6
13 5
31 3
5 7
211 2
11 4
23 3
19 4
5 7
53 3
5 7
71 2
7 5
5 6
113 3
5 10
5 7
11 4
7 5
7 5
139 3
5 8
5 7
19 5
167 2
11 4
13 4
5 6
5 6
5 6
19 3
61 3
61 3
83 3
5 7
5 6
7 5
17 5
5 6
919 3
73 3
7 5
11 5
1307 2
17 3
7 7
13 4
19 3
5 8
2381 2
7 6
181 2
23 3
17 4
487 2
13 5
5 6
7 6
43 3
7 5
13 3
13 4
5 7
2383 2
5 6
41 3
103 3
13 4
727 2
7 5
5 6
79 3
5 8
11 5
61 3
5 6
5 7
127 2
17 4
431 2
1409 2
17 3
7 6
239 3
7 5
5 7
11 4
5 9
53 3
29 5
349 2
13 4
73 2
467 3
59 3
5 7
5 8
11 4
7 5
31 3
7 6
7 5
271 2
8233 3
5 7
2389 2
5 6
281 4
5 6
5 8
137 2
7 5
109 4
619 3
31 4
1019 2
7 5
59 3
7 6
83 2
5 7
7 5
5 7
113 3
5 6
5521 2
101 2
5 8
19 5
241 3
13 6
31 3
13 3
2393 2
5 6
7 5
37 3
131 2
73 3
7 5
67 2
13 5
5 8
7 6
241 2
461 2
5 6
13 4
7 5
5 6
7 6
23 3
5 7
7 5
5 6
5 6
23 3
4133 3
41 3
29 3
47 3
29 3
11 4
7 7
7 5
11 5
5 6
17 3
13 3
19 5
2789 2
5 7
29 4
19 3
223 2
2399 2
7 5
109 4
5 6
5 7
269 3
5 7
181 2
11 4
17 5
5 8
13 4
5 6
5 6
7 6
419 2
5 7
11 5
317 2
7 5
5 7
5 6
13 6
7 5
5 6
71 2
23 5
97 3
7 5
23 4
13 5
19 4
367 2
5 7
23 4
5 6
3347 2
5 6
47 3
5 8
17 3
13 4
19 3
17 4
5 8
103 2
5 7
11 5
8293 3
7 6
5 8
5 6
79 3
11 6
13 5
5 6
101 2
61 4
5557 2
541 2
5 7
5 6
5 8
5 6
7 7
181 2
17 4
23 4
11 5
5 7
311 2
1699 2
7 5
1423 2
7 6
17 5
5 6
5 6
17 4
353 2
5 6
103 3
7 6
19 6
5 6
13 4
5 7
7 6
157 2
5 6
401 2
131 2
37 3
13 4
5569 2
5 8
3359 2
7 5
13 5
23 3
7 5
5 8
13 4
5 8
11 5
5 7
19 4
5 6
13 6
7 5
5 6
5 6
19 3
7 6
521 2
127 2
7 5
139 2
11 4
1231 2
7 6
5 6
179 3
61 4
5 8
29 5
23 3
5 6
1327 2
7 6
23 4
47 3
5 8
7 5
11 5
7 7
5 6
103 5
293 2
13 4
5 7
5 7
127 2
7 5
7 5
5 8
61 6
5 6
37 3
1063 3
5 7
13 3
19 4
5 6
5 6
7 5
3371 2
5 9
127 3
11 5
661 2
13 3
43 4
11 5
5 7
5 8
7 5
691 2
2423 2
131 3
23 3
1709 2
5 8
5 7
5 8
5 7
97 2
5 6
167 2
337 2
5 7
5 7
107 3
13 4
5 7
179 2
7 5
7 5
7 5
199 2
7 6
17 4
251 4
5 6
67 3
5 7
5 7
19 4
7 5
13 4
5 8
5 6
19 3
1237 2
197 5
43 3
7 6
5 8
13 5
11 4
5 6
17 4
19 4
7 5
5 7
17 4
5 7
37 3
337 2
5 6
13 6
5 6
5 7
19 3
41 3
5 6
271 2
11 4
467 2
13 4
19 5
5 6
5 6
17 3
641 2
67 3
11 6
5 7
53 4
29 4
5 7
5 6
19 4
809 2
5 8
5 6
7 7
5 7
5 9
7 5
7 6
5 6
11 5
5 7
31 6
7 7
11 4
5 7
19 4
23 3
7 6
5 7
11 5
5 6
11 5
5 6
31 5
7 5
23 3
5 6
13 5
101 2
607 2
5 7
5 8
31 3
19 3
5 6
937 2
7 6
109 2
883 2
5 7
2837 2
5 8
5 6
419 2
11 4
43 5
73 4
7 5
11 4
13 4
5 8
2441 2
5 6
19 4
17 3
5 7
7 5
7 5
5 6
17 3
5 8
13 4
5 7
19 4
31 4
5 6
5 6
5 7
7 5
347 4
5 6
61 3
5 7
13 4
67 4
353 2
2843 2
5 6
13 4
5 6
31 4
8431 3
5 7
7 7
263 2
5 7
647 2
31 4
23 3
7 6
7 6
17 3
499 2
97 2
5 6
5 6
11 5
19 4
467 2
13 5
19 3
131 3
19 4
5 7
5 8
5 7
7 5
5 6
17 3
5 6
433 2
941 2
13 4
23 4
5 6
11 4
5 7
5 7
47 3
139 4
5 8
7 6
19 4
3413 2
23 3
19 4
7 5
7 5
7 5
5 8
5 6
5 6
5 6
7 4
2131 3
7 6
13 5
359 4
5 7
7 6
7 6
7 6
5 6
181 3
7 6
5 7
7 6
19 5
29 3
5 7
7 5
13 5
11 5
5 6
67 2
373 2
5 6
13 5
13 3
13 4
359 2
11 6
5 7
13 3
223 2
5 6
1451 2
7 6
5 6
13 4
5 7
13 4
5 8
5 6
5 7
5 9
5 8
2459 2
17 3
5 7
5 7
5 7
13 4
11 4
5 6
23 4
5 6
5 6
7 6
7 7
73 3
73 3
1069 3
5 7
5 6
5 8
7 5
5 7
73 2
5 8
277 2
7 7
29 3
23 4
19 4
317 2
281 2
1049 2
163 2
23 3
7 6
5689 2
17 3
5 7
7 6
613 2
43 4
281 3
5 6
5 7
13 4
59 4
61 4
17 3
11 5
5 6
7 5
31 3
5 7
89 3
2143 3
7 6
107 2
149 2
19 4
5 7
13 4
7 6
7 5
7 8
5 10
5 6
19 3
5 6
7 5
11 5
29 3
5 7
1741 2
7 6
5 6
7 5
359 2
157 2
653 2
797 2
43 3
5 6
73 2
5 7
31 4
7 5
11 4
5 7
821 2
19 5
17 4
7 5
7 4
5 8
5 7
19 3
31 4
11 4
7 8
83 2
7 5
5 7
19 3
7 5
17 4
41 3
13 3
7 5
37 3
11 5
17 3
5 8
7 5
113 3
11 4
7 6
17 3
389 3
83 4
19 3
5 7
11 4
13 4
31 4
7 6
19 4
13 5
5 8
5 6
5 8
5 8
19 5
89 2
5 6
13 4
19 4
7 6
5 6
17 3
11 4
5 7
19 4
5 7
107 2
5 8
7 5
7 6
5 9
5 6
109 3
307 2
5 6
5 9
29 3
151 2
11 4
5 9
5 7
151 4
13 4
7 5
7 6
5 6
5 6
7 6
13 5
5 8
127 2
7 5
5 7
139 2
5 7
5 7
11 4
31 3
5 8
5 6
83 3
7 5
11 5
223 2
5 10
5 7
5 8
557 2
5 9
19 5
7 6
73 3
7 6
5 7
13 6
5 6
347 2
5 6
7 5
37 3
5 8
439 2
83 3
7 5
7 5
157 2
7 5
5 8
5 9
5 7
11 4
59 3
5 6
1093 3
5 7
5 6
5 7
113 4
5749 2
709 2
13 5
73 2
5 8
13 3
5 6
5 7
7 5
2897 2
7 5
29 3
19 3
31 4
1367 2
1471 2
11 5
7 5
7 7
61 3
1061 2
13 4
5 6
547 3
107 2
433 2
8599 3
73 2
5 6
47 4
491 3
659 2
19 5
19 5
113 3
109 2
17 4
5 6
7 5
19 3
5 8
31 3
277 2
173 2
317 2
11 4
13 4
53 3
17 3
5 6
5 9
227 2
271 3
13 5
5 6
37 4
5 8
239 2
5 7
23 4
29 3
7 6
5 6
5 8
79 3
41 4
71 2
13 3
5 7
41 3
11 4
13 3
11 4
11 5
7 6
5 7
13 7
5 7
31 3
383 2
13 5
17 3
5 6
83 3
5 8
17 4
359 2
5 6
79 3
5 6
5779 2
11 6
11 4
11 4
47 3
7 5
5 7
181 4
5 8
17 3
5 8
7 5
5 6
7 5
1613 2
83 2
5 8
59 3
37 4
307 2
479 2
5 7
5 8
7 6
5 8
5 6
449 2
5 6
5 7
5 6
13 4
47 3
19 4
5 8
149 3
7 7
11 4
907 2
5 7
11 4
379 2
139 2
5 7
223 2
13 4
1481 2
5 8
17 3
7 5
7 5
809 2
149 3
5 7
5 7
19 4
19 4
7 5
13 3
11 4
41 5
7 5
7 6
17 5
5 6
5 7
7 7
7 5
7 4
5 9
29 3
5 7
29 4
11 4
113 2
7 5
5 6
13 5
7 5
5 7
19 4
7 4
5 6
5 8
563 2
73 4
5 7
19 4
313 3
131 4
7 6
11 4
47 4
5 7
5 6
19 5
71 3
13 4
479 2
5 8
2927 2
7 5
7 5
5 7
7 6
11 6
5 6
13 4
7 5
5 6
31 3
7 6
5 6
5 9
11 5
11 5
11 5
5 7
7 4
17 5
13 4
7 6
31 4
5 7
113 2
41 3
11 6
5821 2
199 3
89 4
5 6
13 4
11 6
19 4
13 6
5 7
13 5
241 3
11 4
7 6
5 7
311 2
1489 2
109 3
11 4
11 5
7 5
11 4
241 2
5 7
7 5
17 4
5 8
5 6
229 2
5 7
13 5
7 5
5 8
7 6
103 3
7 7
5 6
5 7
5 7
13 6
5 6
7 5
5 6
97 2
5 7
103 4
7 5
5 6
5 9
59 3
5 7
7 5
83 2
43 5
5 6
5839 2
11 4
7 5
13 4
11 4
7 4
5 7
1783 2
5 7
1493 2
11 5
11 6
5 6
359 2
5 9
61 4
13 5
7 5
179 3
349 2
5 6
71 2
103 2
29 3
7 5
5 7
31 3
5 6
19 4
5 7
7 5
439 2
31 3
41 3
73 3
109 4
5851 2
13 4
5 7
43 3
5 8
73 3
13 4
13 4
347 2
13 5
13 5
7 5
23 3
19 4
11 4
11 5
13 5
7 5
5 6
5 7
5 6
17 3
13 5
149 3
47 3
137 2
7 5
7 5
11 6
7 6
691 2
1789 2
5 8
5 6
5 8
5 7
281 2
313 2
5 7
31 3
5 6
17 3
11 4
7 5
5 8
5 6
7 5
11 5
137 2
79 3
7 6
109 2
7 6
7 6
23 3
13 4
3539 2
5 7
5 8
5 8
5 6
5 6
5 6
2957 2
5 7
11 4
37 3
19 5
5 6
5 7
5 8
5 6
19 3
251 2
11 4
5 6
29 3
23 4
659 3
31 4
5 7
7 5
5 9
11 5
5 6
389 2
5 7
5 7
41 3
7 6
5881 2
5 7
7 5
7 5
5 7
31 3
7 6
7 5
11 4
5 6
5 7
7 7
5 8
7 5
419 2
19 3
5 6
13 4
5 7
11 4
19 4
5 7
103 5
31 3
167 3
17 4
5 7
79 2
313 2
13 4
5 7
13 5
43 3
5 8
37 3
5 7
5 8
29 3
5 7
5 6
19 4
17 3
73 4
19 4
13 4
5 6
101 2
13 3
13 4
5 6
7 8
5 7
5 7
19 3
5 7
29 3
3557 2
29 3
487 2
13 5
103 2
1801 2
5 7
47 3
349 2
19 4
11 4
17 3
31 4
17 5
37 4
7 5
29 5
727 2
7 5
211 2
23 3
41 3
193 3
5 6
23 4
13 5
5 7
5 6
163 2
13 5
5 6
5 7
337 2
443 2
19 4
47 3
5 7
5 6
5 8
7 5
5 6
1303 2
5 8
5 6
5 6
5 6
31 4
19 4
17 4
337 3
73 3
149 3
7 6
13 4
5 7
5 6
5 6
41 4
7 7
17 4
5 7
7 5
5 8
5 7
131 2
5 6
983 2
5 8
7 5
5 6
7 5
11 5
17 5
7 5
991 3
109 3
103 2
5 8
1091 2
5 6
5 8
5 6
7 6
677 2
5 8
5 6
29 3
5 6
11 5
11 4
23 3
73 3
5 7
47 4
5 6
5 6
5 7
23 3
5 8
7 6
5 6
313 2
827 2
13 4
7 5
5 6
7 7
13 5
1409 2
7 5
11 5
131 2
7 5
5 9
5 7
11 4
5 6
257 2
11 4
5 7
3581 2
5 6
1483 4
5 7
11 5
83 2
7 5
19 4
13 4
5 7
29 3
7 5
5 7
5 7
7 5
13 6
7 5
7 6
11 4
13 4
5 7
103 3
31 3
5 6
139 4
19 3
7 5
5 7
31 4
5 8
5 8
7 6
7 6
7 5
5 7
5 7
5 7
5 7
89 3
5 6
23 3
523 2
23 5
5 6
5 7
5 7
5 6
5 7
509 2
17 3
5 6
7 5
5 8
733 2
5 6
13 3
5 8
227 2
13 4
5 7
7 5
5 6
307 2
47 3
5 9
7 6
5 7
1523 2
61 4
7 6
5 6
7 5
677 2
19 4
5 7
5 7
601 4
577 2
13 6
79 2
5 8
73 3
5 7
229 5
19 4
7 5
5 8
5 7
13 4
5 7
5 7
71 3
13 4
857 2
5 7
5 6
13 4
109 2
991 2
11 5
5 7
373 2
109 4
5 7
11 4
5 6
5 7
173 2
461 2
79 3
5 7
5 6
13 5
7 5
311 2
67 2
5 6
5 6
131 3
17 4
17 3
3011 2
7 6
19 5
331 2
83 3
1667 2
787 2
5 8
5 6
113 2
73 2
7 6
7 5
5 7
271 2
5 7
859 2
2591 2
5 7
13 5
11 4
5 7
7 5
43 3
5 7
11 5
5 9
5 7
229 2
5 7
5 6
2593 2
5 8
23 4
5 6
5 6
17 4
181 3
17 3
443 2
7 6
1103 2
1531 2
5 8
13 4
5 6
11 4
389 2
7 5
5 7
5 6
19 3
1321 2
5 7
19 3
13 5
23 4
5 7
11 4
127 2
7 5
643 2
101 2
17 4
1831 2
179 4
5 7
7 6
449 2
5 7
11 5
7 7
5 6
23 4
5 7
5 6
13 5
8971 3
419 2
5 7
23 3
13 5
5 6
7 7
7 5
13 5
5 7
17 5
5 7
3623 2
13 5
61 3
13 4
233 2
5 6
11 5
47 3
5 7
7 6
11 4
5 6
17 3
5 7
509 3
5 6
5 6
11 4
7 5
11 4
71 3
13 4
13 5
103 3
13 4
83 2
5 7
571 3
11 5
5 8
19 4
5 7
19 4
7 6
5 8
7 6
683 2
23 3
1429 2
7 5
13 3
173 2
5 7
5 6
5 9
13 4
251 3
1327 2
5 6
5 6
7 6
7 5
5 6
5 7
17 3
19 4
17 5
61 4
1021 3
5 6
7 6
7 5
5 7
227 2
5 6
19 3
17 6
89 2
23 3
47 3
163 2
5 6
9013 3
13 4
7 6
7 5
31 3
227 2
31 3
5 9
5 6
5 7
11 4
7 6
13 4
7 4
5 7
151 4
5 7
5 7
7 5
3041 2
19 4
19 4
13 3
5 8
5 6
5 6
7 5
47 3
5 7
29 3
5 7
5 7
13 4
5 6
17 4
5 7
7 5
61 3
7 5
193 3
5 7
7 6
5 7
7 6
5 6
13 3
5 8
17 4
13 5
11 4
13 4
7 5
5 7
5 6
4523 3
5 6
13 5
29 3
7 6
5 8
9043 3
17 3
7 6
13 4
23 4
5 8
2621 2
5 6
5 6
139 2
5 8
383 4
17 5
97 2
53 3
13 4
5 6
5 7
19 4
13 5
5 6
17 4
7 5
17 4
5 8
151 3
5 6
97 3
19 4
5 7
7 6
17 4
5 6
163 2
13 3
11 5
5 6
5 7
79 3
5 8
6067 2
5 6
17 4
61 3
7 5
7 8
5 7
229 2
5 6
17 3
5 8
79 3
7 5
7 5
31 3
241 3
499 2
19 4
131 2
13 4
7 5
7 6
7 7
5 7
7 5
7 5
401 2
5 7
11 4
5 6
5 7
101 4
5 8
5 6
113 3
13 3
7 6
5 7
5 6
11 4
5 8
157 2
43 4
19 4
19 5
1553 2
23 5
577 3
13 3
13 5
2633 2
5 7
5 6
17 4
5 9
277 2
13 6
7 4
17 3
5 7
5 6
401 2
13 5
7 4
53 3
11 4
5 7
379 2
3671 2
41 3
373 2
7 6
6091 2
7 5
7 5
5 8
19 4
5 6
223 2
7 6
563 2
5 7
13 5
5 6
5 7
5 7
5 7
5 7
197 3
13 4
17 4
7 5
109 2
151 2
7 6
19 4
97 2
19 4
3677 2
5 6
1447 2
31 4
131 2
13 5
7 7
5 6
5 7
13 4
163 3
7 5
653 2
383 2
1021 3
71 2
13 4
5 7
311 2
5 6
193 3
17 6
43 3
5 9
5 7
167 3
71 5
5 6
7 6
139 4
5 7
7 4
5 7
5 7
5 7
5 7
19 3
19 4
5 8
127 2
13 3
751 2
5 7
7 5
7 6
5 7
5 6
137 2
23 5
5 6
5 7
7 5
11 6
877 2
5 6
5 7
61 3
19 5
5 8
5 7
5 6
5 7
7 5
11 4
5 6
5 6
11 5
5 7
7 6
5 7
13 4
5 8
7 6
13 4
5 7
11 4
7 5
457 2
17 4
7 5
5 8
19 5
5 8
13 4
7 6
5 6
7 5
5 6
13 5
7 6
5 6
31 5
5 9
5 7
5 7
503 2
317 2
47 3
5 7
13 5
5 6
7 5
7 6
19 3
19 5
5 6
5 6
23 3
1709 2
3089 2
13 5
5 8
167 2
5 7
5 7
113 2
5 7
13 5
19 5
73 2
29 3
5 6
5 8
7 5
31 3
1873 2
7 7
5 6
157 3
11 6
5 7
7 5
5 7
5 6
2659 2
277 2
11 4
17 4
359 2
37 4
11 5
79 2
5 7
149 2
7 7
5 6
7 5
263 4
41 3
229 2
17 3
239 2
7 6
263 2
6151 2
13 4
61 4
67 3
41 3
199 4
5 7
317 3
2663 2
5 6
17 3
31 3
11 4
11 4
5 8
89 2
7 6
17 3
7 6
241 2
5 7
7 4
13 4
17 4
263 4
11 5
5 7
5 7
23 4
5 6
211 2
5 6
7 7
7 5
1021 2
13 5
67 2
19 4
13 4
7 5
53 3
113 3
5 8
7 5
659 2
5 6
7 5
383 2
139 3
5 7
5 6
13 4
37 3
43 3
7 6
29 3
5 6
5 6
11 4
263 4
7 5
5 6
11 5
17 4
5 7
5 6
7 5
7 5
347 2
5 7
5 6
13 4
19 4
17 4
17 5
17 3
5 6
5 7
463 3
5 7
311 2
7 5
5 6
11 5
23 3
13 4
5 7
5 6
7 6
5 7
13 5
7 5
19 4
13 3
7 6
37 3
5 8
5 8
317 2
17 3
5 8
29 3
727 2
53 4
9241 3
7 5
5 6
461 2
5 6
11 4
5 7
5 7
5 7
5 7
19 6
5 7
61 3
139 4
97 3
887 2
7 5
5 6
7 6
5 7
571 2
313 3
29 3
23 4
11 4
73 2
73 3
1889 2
5 6
59 3
5 6
3119 2
13 4
23 4
7 6
7 6
5 7
5 7
43 4
11 5
5 6
5 7
11 5
5 6
5 6
7 5
7 5
5 6
5 6
5 6
5 8
11 4
7 5
7 4
7 5
353 3
1471 2
5 6
5 8
5 7
5 8
5 6
13 4
29 4
71 3
13 4
7 5
43 4
5 6
19 4
13 3
5 8
19 4
7 6
7 6
281 2
6211 2
509 2
4643 3
67 2
1039 3
5 7
13 3
19 4
7 5
241 2
2689 2
5 6
7 5
193 2
509 2
13 5
101 3
379 2
5 6
19 3
7 6
23 3
7 5
43 4
5 7
5 7
7 6
7 6
5 8
5 8
7 5
107 2
5 8
5 8
5 11
5 12
7 5
2341 3
19 3
29 4
379 2
83 2
7 5
5 9
1031 2
79 2
13 5
5 8
269 3
263 2
31 3
89 3
11 5
13 6
7 5
23 3
5 8
5 6
11 6
7 6
5 6
13 5
7 6
7 5
7 6
19 3
5 6
5 8
5 9
13 4
5 7
79 2
5 7
5 6
11 6
23 4
5 7
7 6
7 5
601 2
2699 2
13 4
5 6
239 2
5 6
7 5
5 6
7 5
37 3
13 4
7 6
29 4
5 7
103 2
5 7
5 7
5 7
233 2
7 8
19 3
13 4
5 6
11 6
67 3
5 7
17 3
199 2
5 6
43 5
593 3
1481 2
5 6
17 4
7 5
7 7
5 6
3767 2
11 4
5 7
13 6
5 7
281 2
7 6
5 7
11 4
5 8
167 2
7 5
13 4
5 6
7 7
19 3
5 7
17 6
13 4
5 7
101 2
109 2
13 4
547 2
479 2
181 3
5 8
61 3
7 7
5 8
7 5
13 4
19 5
5 7
179 2
5 8
37 4
37 3
47 3
5 7
5 8
5 6
5 7
5 8
11 6
11 4
7 5
7 7
5 6
7 5
5 7
83 3
11 6
7 5
7 6
7 5
31 7
13 4
139 2
769 2
3779 2
19 3
2713 2
53 3
7 6
5 6
137 4
29 5
5 7
7 6
11 4
283 2
1487 2
1601 2
5 6
1913 2
7 5
5 7
5 7
11 4
5 6
17 5
5 9
5 6
5 8
5 7
23 3
13 3
5 6
7 5
13 4
11 5
5 7
7 6
1063 3
101 4
37 5
7 5
5 7
13 4
11 4
5 8
11 4
5 9
2719 2
11 5
7 7
29 3
7 6
5 6
11 5
5 6
5 8
191 2
103 5
5 6
5 7
5 7
11 4
5 8
19 4
5 7
47 3
233 2
101 2
5 6
5 7
7 5
13 5
61 3
5 7
5 7
17 3
11 4
5 8
5 7
7 7
13 3
2357 3
199 2
7 6
5 8
13 4
307 2
7 5
17 3
5 7
11 7
19 4
13 5
7 5
47 3
7 7
61 3
6301 2
5 7
5 6
43 3
11 5
5 7
229 2
7 5
5 7
19 3
5 6
5 6
7 5
5 6
9421 3
1609 2
191 3
5 8
5 7
7 5
2729 2
5 6
41 3
5 9
13 5
5 8
11 4
5 6
673 2
7 5
13 4
103 4
5 8
359 3
2731 2
17 4
7 5
11 4
383 2
5 7
7 5
31 4
5 7
7 5
13 4
5 6
59 3
43 3
5 6
7 6
9439 3
5 7
31 3
5 8
11 4
719 2
7 6
5 7
5 7
5 6
103 3
89 2
7 6
1613 2
17 4
7 6
5 7
13 5
317 2
5 7
5 7
13 3
5 7
23 4
1499 2
5 6
7 4
61 4
101 3
181 2
5 7
17 3
5 6
23 3
5 6
7 6
5 7
5 6
31 4
5 7
5 6
11 4
353 2
5 6
43 4
7 5
43 3
5 8
11 4
5 7
5 7
1931 2
5 8
2383 3
2741 2
5 6
89 3
29 3
6337 2
907 2
7 7
5 6
13 5
47 3
7 6
197 2
11 4
5 6
7 5
7 5
5 6
5 8
389 4
19 3
23 5
5 7
23 3
13 5
5 7
67 4
5 7
5 6
11 4
401 4
311 2
5 6
5 8
7 6
5 7
23 3
881 2
7 5
53 3
7 6
5 9
7 5
7 5
7 6
5 7
7 5
5 6
991 2
5 6
17 3
1051 2
13 3
467 2
5 8
5 9
1621 2
2749 2
23 4
5 7
167 2
13 4
7 5
5 6
5 8
19 3
7 5
89 4
5 6
23 3
11 4
5 6
7 5
3833 2
5 7
41 4
5 7
6361 2
17 3
11 4
19 4
7 5
269 2
43 3
7 5
2753 2
3203 2
5 8
5 6
5 6
7 7
7 5
11 4
643 4
911 2
6367 2
11 4
19 5
5 7
53 3
5 7
271 3
239 3
5 6
11 4
109 3
5 6
7 6
13 3
5 9
13 5
19 4
17 4
7 5
5 6
347 2
67 2
13 4
13 4
7 5
5 6
5 8
3209 2
5 8
5 7
5 7
331 2
13 4
5 6
67 3
53 3
11 5
113 2
7 6
5 7
7 6
5 8
29 4
11 5
19 6
61 3
5 9
5 6
17 3
11 5
163 3
11 5
23 4
5 7
5 7
73 3
311 2
5 6
17 4
233 2
7 5
13 5
521 2
5 8
5 8
5 7
5 6
5 8
5 6
443 2
5 6
7 6
101 3
997 2
5 7
29 3
23 5
5 7
11 4
7 5
887 2
7 5
13 6
1949 2
7 6
19 3
23 5
13 4
7 5
5 8
6397 2
7 6
5 8
5 6
13 4
5 6
5 7
419 2
5 8
3221 2
7 6
5 7
7 5
41 3
13 5
13 4
409 2
607 3
7 6
13 3
19 4
19 4
5 6
5 6
23 4
71 3
5 7
7 5
5 7
311 2
19 3
337 2
11 4
7 4
5 8
13 4
11 4
13 4
3863 2
5 6
5 8
11 4
5 9
11 4
4793 3
23 4
11 4
5 6
73 2
241 2
683 2
31 4
5 6
11 4
5 7
13 6
5 6
17 4
47 3
83 2
7 5
5 7
11 6
7 5
73 3
617 2
7 8
23 5
13 4
5 8
29 4
41 4
23 4
7 5
1787 2
13 3
5 7
7 5
7 5
5 7
5 8
19 4
89 2
5 6
11 4
5 6
7 7
5 7
5 9
61 3
6427 2
19 4
5 7
13 4
1063 2
7 6
139 2
11 5
19 3
13 3
313 2
19 4
5 8
5 7
47 4
103 3
11 6
163 2
5 8
271 2
11 4
17 3
73 4
5 6
7 5
7 5
1181 2
19 3
5 6
13 5
7 6
397 2
7 5
7 4
11 4
73 4
37 3
5 7
7 5
151 2
7 8
5 7
199 3
47 3
5 8
5 7
107 4
11 5
5 6
5 7
19 5
73 3
1609 4
5 7
7 5
13 5
491 2
139 2
7 5
7 7
97 2
5 6
5 6
23 3
7 5
7 6
7 5
5 7
5 7
7 6
19 5
5 8
113 2
13 3
7 5
19 5
2791 2
5 8
7 5
7 5
13 4
7 6
139 5
5 6
5 6
1217 3
5 7
5 7
5 7
23 3
7 5
5 8
13 5
157 2
13 5
7 7
29 4
97 2
7 7
13 4
11 6
613 3
1093 3
5 6
61 3
5 6
109 4
479 2
5 7
179 2
593 2
73 2
1531 2
19 4
439 3
379 2
5 7
5 7
5 6
7 5
29 3
617 3
19 5
5 7
5 7
5 6
5 7
47 3
13 4
61 3
5 7
19 4
19 4
5 6
2423 3
3257 2
331 2
11 4
73 2
37 3
11 4
5 7
5 7
1973 2
13 4
131 2
5 6
109 2
5 9
13 6
7 5
5 8
9679 3
79 2
313 2
101 4
173 2
19 5
5 8
5 9
5 6
5 6
11 4
89 3
13 5
227 2
281 3
7 5
47 3
1231 3
5 7
5 7
13 4
5 8
23 4
61 4
5 7
13 3
13 5
13 4
5 7
5 7
43 3
13 3
29 3
7 5
5 8
7 6
5 7
5 7
43 4
181 4
5 7
7 4
5 7
131 3
23 3
5 6
11 4
7 5
7 5
83 3
5 8
5 6
7 5
17 4
5 8
5 8
11 4
223 2
11 6
7 7
5 8
83 2
5 9
929 2
7 6
11 4
3917 2
17 3
19 4
29 3
5 6
19 4
7 6
151 2
5 6
5 8
59 3
5 6
7 5
5 6
53 3
41 3
7 5
17 4
9721 3
5 6
11 6
5 7
17 4
163 3
13 4
5 9
41 3
23 3
5 8
5 6
5 7
853 2
17 5
23 3
5 7
41 3
5 7
139 2
5 7
167 3
5 6
5 7
23 5
5 7
7 6
11 4
7 5
5 7
5 7
5 6
89 2
7 5
17 3
281 3
2819 2
13 3
11 5
67 3
97 3
11 4
3929 2
5 6
5 9
43 3
7 7
113 3
7 5
1663 2
5 7
19 3
23 4
5 7
7 7
113 2
23 3
5 7
23 3
337 2
5 10
7 5
5 7
7 6
5 6
227 2
5 7
11 4
11 5
13 4
6529 2
11 4
5 6
7 6
283 3
7 6
7 5
11 4
7 5
37 3
5 8
17 5
479 2
17 4
37 3
5 6
7 6
5 7
5 6
7 6
11 4
5 6
7 6
71 3
103 3
19 4
5 6
5 6
59 3
17 3
11 5
5 6
5 6
7 6
5 8
5 8
13 7
1993 2
7 5
31 4
13 4
5 7
13 4
19 3
5 7
5 7
5 6
113 2
5 6
307 2
5 7
1669 2
127 2
5 7
5 7
5 7
5 6
11 4
7 6
5 6
5 7
5 8
3947 2
5 7
2833 2
5 8
7 5
1021 2
7 7
167 3
269 3
397 2
19 4
5 7
1823 2
229 2
5 7
7 5
5 6
5 6
13 5
3299 2
5 9
7 5
5 6
13 4
5 7
13 5
31 4
17 6
67 4
179 2
103 2
5 7
5 8
5 7
5 7
11 4
5 8
17 4
61 3
317 3
83 2
317 3
5 9
5 6
29 4
5 6
5 7
5 7
23 5
7 4
5 9
53 3
5 9
181 2
43 3
13 5
5 6
151 2
359 2
17 4
5 7
23 3
19 4
317 2
17 3
67 2
7 7
71 2
11 6
5 7
7 5
13 5
2843 2
5 7
5 8
5 6
5 7
7 7
13 4
5 8
7 7
13 4
37 4
631 2
911 2
13 4
7 6
1237 3
5 6
7 5
29 3
61 3
1087 2
89 3
13 5
5 7
5 7
7 5
7 5
199 4
5 6
13 5
7 5
7 5
11 4
13 5
7 7
5 6
1559 2
13 4
5 7
5 6
137 2
7 5
5 6
181 2
5 7
13 3
7 7
23 3
5 7
5 6
13 4
5 9
7 5
5 7
5 9
13 4
41 3
5 8
17 3
7 5
383 2
103 3
5 6
7 5
5 6
5 6
11 4
79 3
7 5
5 8
7 7
13 5
7 7
5 7
5 7
7 6
5 7
13 4
19 3
17 3
197 3
7 5
71 3
7 5
5 6
11 4
5 7
5 8
157 2
29 3
4937 3
13 4
17 4
7 6
251 2
5 8
5 6
5 8
7 6
263 2
6607 2
431 2
5 8
7 5
5 8
5 7
7 7
5 7
5 7
5 6
7 6
7 7
7 6
5 6
5 6
7 5
5 6
13 5
311 2
1453 2
13 5
7 5
23 3
5 7
11 4
5 7
2861 2
7 5
449 3
37 3
19 3
7 5
71 4
101 2
1093 2
13 6
6619 2
43 4
11 4
31 3
19 4
11 5
19 3
131 2
103 4
37 3
13 5
5 6
13 5
499 2
11 5
13 5
7 6
13 3
11 4
11 4
23 5
5 6
13 5
11 4
5 6
401 2
461 2
23 3
5 6
13 5
13 3
5 8
19 3
23 3
17 4
13 3
5 7
5 6
317 2
29 3
379 2
59 4
7 6
811 2
503 2
5 6
7 6
13 4
47 3
7 5
13 5
5 7
29 3
5 6
6637 2
577 2
1571 2
7 5
31 4
5 9
109 2
7 6
7 5
5 7
89 3
89 3
5 6
7 6
1847 2
13 4
19 5
5 7
7 6
5 8
17 3
5 7
5 8
19 4
17 5
61 3
7 5
5 6
5 6
491 2
7 5
7 7
5 7
23 5
7 6
19 4
7 5
7 5
4007 2
19 4
5 6
13 5
5 7
13 4
4973 3
3347 2
5 8
13 4
5 6
97 3
347 2
13 4
7 7
5 7
5 6
5 7
5 7
5 7
89 2
5 7
5 8
167 3
2879 2
5 6
421 4
19 4
11 5
19 3
5 7
101 2
5 7
17 5
7 7
2029 2
13 4
5 6
11 5
5 7
5 7
5 8
19 3
17 4
331 2
7 5
5 6
13 6
431 2
1699 2
5 7
7 5
41 3
167 2
13 6
5 6
31 4
5 8
7 6
7 5
13 4
103 3
43 3
5 8
13 4
37 3
13 6
5 7
1579 2
181 3
5 7
7 5
1223 2
131 2
541 2
7 5
13 5
191 2
61 4
3359 2
5 6
37 3
5 7
7 6
19 5
5 8
313 4
5 8
43 3
349 2
53 4
19 4
1117 3
7 5
131 2
53 3
1103 2
5 6
709 2
5 8
13 6
7 5
17 6
7 5
11 4
19 4
109 2
7 6
19 3
331 2
1013 3
5 8
11 4
5 7
19991 2
83 2
199 3
13 4
797 2
17 4
367 2
11 5
43 3
5 6
5 7
7 5
5 8
5 7
7 9
107 2
83 2
13 4
29 3
23 3
53 4
47 3
7 6
5039 2
19 5
23 5
5 7
5 7
7 7
7 6
20021 2
97 2
137 2
5 7
67 4
113 4
5 6
5 8
7 5
47 3
2269 2
13 4
103 3
43 3
13 5
7 6
7 5
31 4
19 4
5 6
5 8
13 3
